5 0.2920673076923077 0.3088942307692308 0.01201923076923077 0.07211538461538461
5 0.3088942307692308 0.32572115384615385 0.020432692307692308 0.0733173076923077
5 0.31850961538461536 0.31850961538461536 0.015625 0.06610576923076923
0 0.3858173076923077 0.3581730769230769 0.03485576923076923 0.08533653846153846
2 0.7283653846153846 0.5204326923076923 0.109375 0.13942307692307693
2 0.5408653846153846 0.4495192307692308 0.06490384615384616 0.15144230769230768
2 0.6057692307692307 0.32091346153846156 0.04807692307692308 0.10817307692307693
2 0.5504807692307693 0.265625 0.046875 0.07451923076923077
2 0.6262019230769231 0.23557692307692307 0.04326923076923077 0.07451923076923077
5 0.6670673076923077 0.2764423076923077 0.010817307692307692 0.06490384615384616
2 0.6298076923076923 0.16947115384615385 0.036057692307692304 0.06129807692307692
2 0.6550480769230769 0.12620192307692307 0.03365384615384615 0.05889423076923077
2 0.625 0.10817307692307693 0.03125 0.051682692307692304
2 0.6454326923076923 0.06490384615384616 0.026442307692307692 0.03485576923076923
2 0.6730769230769231 0.08052884615384616 0.03125 0.042067307692307696
2 0.6610576923076923 0.03125 0.016826923076923076 0.030048076923076924
2 0.6887019230769231 0.038461538461538464 0.019230769230769232 0.030048076923076924
2 0.8100961538461539 0.0985576923076923 0.025240384615384616 0.040865384615384616