2 0.9495192307692307 0.7872596153846154 0.09615384615384616 0.18990384615384615
2 0.7560096153846154 0.9651442307692307 0.10576923076923077 0.0673076923076923
2 0.671875 0.49399038461538464 0.08653846153846154 0.140625
0 0.38461538461538464 0.3605769230769231 0.036057692307692304 0.08774038461538461
5 0.30528846153846156 0.31009615384615385 0.015625 0.07091346153846154
2 0.6021634615384616 0.28966346153846156 0.04927884615384615 0.09495192307692307
5 0.6670673076923077 0.2776442307692308 0.010817307692307692 0.06490384615384616
2 0.5552884615384616 0.2608173076923077 0.046875 0.08052884615384616
2 0.5841346153846154 0.1935096153846154 0.039663461538461536 0.06370192307692307
2 0.6237980769230769 0.22716346153846154 0.04326923076923077 0.08052884615384616
2 0.6550480769230769 0.140625 0.027644230769230768 0.054086538461538464
2 0.6105769230769231 0.1466346153846154 0.03245192307692308 0.046875
2 0.6310096153846154 0.10216346153846154 0.026442307692307692 0.042067307692307696
2 0.6742788461538461 0.0733173076923077 0.02283653846153846 0.037259615384615384
2 0.6622596153846154 0.03245192307692308 0.018028846153846152 0.03485576923076923
3 0.5913461538461539 0.109375 0.013221153846153846 0.04807692307692308
2 0.8112980769230769 0.09975961538461539 0.02403846153846154 0.038461538461538464
5 0.38822115384615385 0.31490384615384615 0.015625 0.06610576923076923