2 0.7115384615384616 0.8713942307692307 0.14423076923076922 0.25240384615384615
2 0.6165865384615384 0.36177884615384615 0.056490384615384616 0.1141826923076923
2 0.53125 0.3317307692307692 0.052884615384615384 0.09254807692307693
2 0.5649038461538461 0.21153846153846154 0.04927884615384615 0.07451923076923077
2 0.6177884615384616 0.23197115384615385 0.046875 0.08533653846153846
2 0.6490384615384616 0.14182692307692307 0.038461538461538464 0.06610576923076923
2 0.6129807692307693 0.11538461538461539 0.030048076923076924 0.054086538461538464
2 0.8100961538461539 0.10216346153846154 0.025240384615384616 0.038461538461538464
5 0.7091346153846154 0.15384615384615385 0.01201923076923077 0.04447115384615385
0 0.703125 0.11057692307692307 0.02283653846153846 0.04807692307692308
5 0.5216346153846154 0.14903846153846154 0.01201923076923077 0.054086538461538464