2 0.7427884615384616 0.8389423076923077 0.1622596153846154 0.26322115384615385
2 0.7860576923076923 0.59375 0.13701923076923078 0.1658653846153846
3 0.6610576923076923 0.5348557692307693 0.038461538461538464 0.1201923076923077
2 0.5528846153846154 0.4639423076923077 0.06370192307692307 0.13701923076923078
3 0.515625 0.37740384615384615 0.021634615384615384 0.0889423076923077
2 0.5492788461538461 0.28846153846153844 0.04447115384615385 0.0889423076923077
2 0.6081730769230769 0.2764423076923077 0.046875 0.10336538461538461
0 0.6778846153846154 0.25 0.014423076923076924 0.05889423076923077
2 0.6322115384615384 0.08653846153846154 0.028846153846153848 0.042067307692307696
4 0.6742788461538461 0.07091346153846154 0.03125 0.078125
5 0.75 0.08653846153846154 0.007211538461538462 0.038461538461538464
2 0.8100961538461539 0.10096153846153846 0.021634615384615384 0.037259615384615384
3 0.8125 0.11538461538461539 0.01201923076923077 0.03365384615384615
5 0.5348557692307693 0.11658653846153846 0.008413461538461538 0.04447115384615385