2 0.8966346153846154 0.8918269230769231 0.18269230769230768 0.21394230769230768
2 0.6574519230769231 0.7415865384615384 0.11778846153846154 0.21875
3 0.6778846153846154 0.5240384615384616 0.036057692307692304 0.11899038461538461
2 0.5492788461538461 0.40024038461538464 0.056490384615384616 0.12620192307692307
2 0.12259615384615384 0.46875 0.1141826923076923 0.09254807692307693
5 0.37259615384615385 0.3016826923076923 0.014423076923076924 0.0625
5 0.390625 0.31009615384615385 0.015625 0.0625
5 0.6514423076923077 0.2860576923076923 0.015625 0.0733173076923077
2 0.6069711538461539 0.2848557692307692 0.046875 0.0829326923076923
2 0.5685096153846154 0.23798076923076922 0.04326923076923077 0.07692307692307693
3 0.6081730769230769 0.1875 0.014423076923076924 0.06490384615384616
2 0.6370192307692307 0.19110576923076922 0.03485576923076923 0.06370192307692307
2 0.6081730769230769 0.14423076923076922 0.03245192307692308 0.07451923076923077
2 0.6622596153846154 0.12860576923076922 0.030048076923076924 0.05048076923076923
2 0.6322115384615384 0.09495192307692307 0.027644230769230768 0.037259615384615384
2 0.6730769230769231 0.09254807692307693 0.027644230769230768 0.038461538461538464
2 0.640625 0.0733173076923077 0.025240384615384616 0.037259615384615384
2 0.6826923076923077 0.06129807692307692 0.021634615384615384 0.03125
2 0.6502403846153846 0.04807692307692308 0.02283653846153846 0.03125
2 0.6574519230769231 0.03485576923076923 0.02283653846153846 0.037259615384615384
2 0.8100961538461539 0.10096153846153846 0.021634615384615384 0.03365384615384615
5 0.8737980769230769 0.2439903846153846 0.009615384615384616 0.06490384615384616
5 0.8846153846153846 0.24519230769230768 0.009615384615384616 0.055288461538461536
5 0.7127403846153846 0.09014423076923077 0.006009615384615385 0.03125