2 0.6959134615384616 0.8786057692307693 0.1622596153846154 0.2403846153846154
3 0.9098557692307693 0.6814903846153846 0.06850961538461539 0.15144230769230768
5 0.8064903846153846 0.328125 0.013221153846153846 0.08173076923076923
5 0.7247596153846154 0.3389423076923077 0.018028846153846152 0.0733173076923077
5 0.7295673076923077 0.32572115384615385 0.020432692307692308 0.078125
0 0.671875 0.32211538461538464 0.040865384615384616 0.07091346153846154
5 0.7295673076923077 0.10817307692307693 0.009615384615384616 0.046875
2 0.6766826923076923 0.5 0.0889423076923077 0.13581730769230768
2 0.5528846153846154 0.5949519230769231 0.09975961538461539 0.19110576923076922
2 0.53125 0.38341346153846156 0.056490384615384616 0.11538461538461539
2 0.4266826923076923 0.3545673076923077 0.07451923076923077 0.10336538461538461
2 0.5564903846153846 0.25721153846153844 0.04326923076923077 0.0829326923076923
2 0.625 0.234375 0.042067307692307696 0.0673076923076923
2 0.8112980769230769 0.09975961538461539 0.021634615384615384 0.038461538461538464
2 0.6045673076923077 0.15144230769230768 0.037259615384615384 0.056490384615384616
2 0.6466346153846154 0.1622596153846154 0.03365384615384615 0.057692307692307696
2 0.6586538461538461 0.109375 0.02403846153846154 0.038461538461538464
2 0.640625 0.0733173076923077 0.026442307692307692 0.03485576923076923
2 0.671875 0.07692307692307693 0.02403846153846154 0.046875
2 0.6358173076923077 0.038461538461538464 0.02283653846153846 0.03485576923076923
2 0.671875 0.013221153846153846 0.015625 0.02283653846153846