5 0.3737980769230769 0.7103365384615384 0.028846153846153848 0.14302884615384615
5 0.20673076923076922 0.9158653846153846 0.030048076923076924 0.15985576923076922
2 0.6346153846153846 0.6358173076923077 0.10336538461538461 0.171875
2 0.9759615384615384 0.7620192307692307 0.046875 0.15865384615384615
4 0.6310096153846154 0.40865384615384615 0.09014423076923077 0.1622596153846154
2 0.5252403846153846 0.38822115384615385 0.04807692307692308 0.11778846153846154
3 0.5444711538461539 0.29447115384615385 0.015625 0.078125
2 0.5144230769230769 0.25240384615384615 0.040865384615384616 0.06971153846153846
2 0.6237980769230769 0.2283653846153846 0.04807692307692308 0.10216346153846154
2 0.5985576923076923 0.15985576923076922 0.03365384615384615 0.04447115384615385
2 0.6490384615384616 0.15504807692307693 0.038461538461538464 0.06370192307692307
2 0.6274038461538461 0.10817307692307693 0.03125 0.046875
2 0.6021634615384616 0.0733173076923077 0.02403846153846154 0.038461538461538464
2 0.640625 0.078125 0.03125 0.055288461538461536
2 0.6778846153846154 0.0733173076923077 0.026442307692307692 0.057692307692307696
2 0.6514423076923077 0.04567307692307692 0.015625 0.03365384615384615
2 0.8112980769230769 0.10216346153846154 0.02403846153846154 0.03485576923076923
5 0.48677884615384615 0.16706730769230768 0.01201923076923077 0.054086538461538464
5 0.5072115384615384 0.1502403846153846 0.009615384615384616 0.040865384615384616
2 0.6646634615384616 0.016826923076923076 0.015625 0.026442307692307692