2 0.7668269230769231 0.6670673076923077 0.1310096153846154 0.19591346153846154
5 0.15625 0.8389423076923077 0.036057692307692304 0.11899038461538461
2 0.6165865384615384 0.4182692307692308 0.06971153846153846 0.1346153846153846
2 0.609375 0.2704326923076923 0.04447115384615385 0.07451923076923077
2 0.5697115384615384 0.21514423076923078 0.036057692307692304 0.06370192307692307
3 0.5564903846153846 0.1622596153846154 0.013221153846153846 0.05048076923076923
5 0.515625 0.14903846153846154 0.009615384615384616 0.05889423076923077
5 0.6959134615384616 0.19951923076923078 0.014423076923076924 0.054086538461538464
2 0.6574519230769231 0.12860576923076922 0.028846153846153848 0.05048076923076923
2 0.6538461538461539 0.02283653846153846 0.020432692307692308 0.036057692307692304
2 0.6826923076923077 0.05048076923076923 0.016826923076923076 0.03365384615384615
5 0.9338942307692307 0.27884615384615385 0.016826923076923076 0.06610576923076923
2 0.8088942307692307 0.10096153846153846 0.018028846153846152 0.03245192307692308