2 0.7716346153846154 0.7836538461538461 0.14903846153846154 0.21754807692307693
2 0.9423076923076923 0.7872596153846154 0.11057692307692307 0.19471153846153846
2 0.6754807692307693 0.5288461538461539 0.09254807692307693 0.13942307692307693
2 0.5348557692307693 0.39783653846153844 0.052884615384615384 0.11177884615384616
2 0.24639423076923078 0.4338942307692308 0.10817307692307693 0.09975961538461539
2 0.5588942307692307 0.2668269230769231 0.04326923076923077 0.078125
3 0.4963942307692308 0.3173076923076923 0.015625 0.0829326923076923
3 0.5048076923076923 0.24158653846153846 0.014423076923076924 0.0673076923076923
2 0.6298076923076923 0.203125 0.03485576923076923 0.0673076923076923
2 0.5973557692307693 0.1658653846153846 0.03125 0.054086538461538464
2 0.6550480769230769 0.12860576923076922 0.025240384615384616 0.05048076923076923
2 0.6286057692307693 0.09495192307692307 0.025240384615384616 0.04807692307692308
2 0.6730769230769231 0.08774038461538461 0.018028846153846152 0.036057692307692304
2 0.6490384615384616 0.06610576923076923 0.02283653846153846 0.03365384615384615
2 0.6838942307692307 0.06009615384615385 0.018028846153846152 0.03485576923076923
2 0.6538461538461539 0.03485576923076923 0.020432692307692308 0.03485576923076923
5 0.7680288461538461 0.09375 0.01201923076923077 0.03365384615384615
2 0.8088942307692307 0.0985576923076923 0.019230769230769232 0.03485576923076923
5 0.109375 0.9098557692307693 0.028846153846153848 0.12139423076923077
5 0.5120192307692307 0.15865384615384615 0.009615384615384616 0.04567307692307692
5 0.5 0.1658653846153846 0.010817307692307692 0.054086538461538464
5 0.4963942307692308 0.16346153846153846 0.009615384615384616 0.052884615384615384