3 0.546875 0.6141826923076923 0.03485576923076923 0.13581730769230768
3 0.6586538461538461 0.4495192307692308 0.03125 0.10096153846153846
3 0.7788461538461539 0.5180288461538461 0.04567307692307692 0.125
2 0.6033653846153846 0.2848557692307692 0.046875 0.0829326923076923
2 0.5492788461538461 0.2848557692307692 0.040865384615384616 0.07451923076923077
2 0.5228365384615384 0.22355769230769232 0.036057692307692304 0.06610576923076923
2 0.5877403846153846 0.19591346153846154 0.038461538461538464 0.06009615384615385
2 0.6346153846153846 0.20432692307692307 0.03485576923076923 0.0625
2 0.6081730769230769 0.14182692307692307 0.03365384615384615 0.051682692307692304
2 0.6526442307692307 0.125 0.028846153846153848 0.05048076923076923
2 0.6274038461538461 0.10697115384615384 0.020432692307692308 0.036057692307692304
2 0.6346153846153846 0.07572115384615384 0.020432692307692308 0.03365384615384615
2 0.6766826923076923 0.08413461538461539 0.020432692307692308 0.039663461538461536
2 0.6826923076923077 0.057692307692307696 0.020432692307692308 0.030048076923076924
2 0.6574519230769231 0.038461538461538464 0.02403846153846154 0.04447115384615385
3 0.5997596153846154 0.09375 0.009615384615384616 0.037259615384615384
3 0.6382211538461539 0.021634615384615384 0.009615384615384616 0.03485576923076923
2 0.8100961538461539 0.09735576923076923 0.021634615384615384 0.028846153846153848
5 0.5168269230769231 0.14182692307692307 0.010817307692307692 0.046875
5 0.5120192307692307 0.14302884615384615 0.01201923076923077 0.052884615384615384
5 0.5324519230769231 0.11538461538461539 0.008413461538461538 0.04447115384615385
5 0.18269230769230768 0.25 0.014423076923076924 0.05889423076923077