5 0.24278846153846154 0.8125 0.03365384615384615 0.13341346153846154
0 0.4375 0.38341346153846156 0.04807692307692308 0.07451923076923077
5 0.5576923076923077 0.3161057692307692 0.021634615384615384 0.0625
5 0.6850961538461539 0.22596153846153846 0.014423076923076924 0.05889423076923077
2 0.8100961538461539 0.10096153846153846 0.02283653846153846 0.03245192307692308
5 0.5216346153846154 0.15264423076923078 0.009615384615384616 0.05048076923076923
2 0.5709134615384616 0.23076923076923078 0.042067307692307696 0.0625
2 0.625 0.2247596153846154 0.040865384615384616 0.0673076923076923
2 0.59375 0.18028846153846154 0.036057692307692304 0.06370192307692307
2 0.6490384615384616 0.14423076923076922 0.027644230769230768 0.054086538461538464
2 0.609375 0.13822115384615385 0.027644230769230768 0.051682692307692304
2 0.5889423076923077 0.10817307692307693 0.02403846153846154 0.042067307692307696
2 0.6694711538461539 0.08774038461538461 0.026442307692307692 0.04807692307692308
2 0.625 0.09735576923076923 0.027644230769230768 0.04447115384615385
2 0.6454326923076923 0.054086538461538464 0.018028846153846152 0.040865384615384616
3 0.6189903846153846 0.06009615384615385 0.013221153846153846 0.039663461538461536
0 0.703125 0.109375 0.026442307692307692 0.056490384615384616