5 0.5012019230769231 0.9302884615384616 0.03245192307692308 0.13701923076923078
2 0.9411057692307693 0.7716346153846154 0.11658653846153846 0.20793269230769232
2 0.5769230769230769 0.5564903846153846 0.0829326923076923 0.15985576923076922
2 0.6826923076923077 0.5456730769230769 0.0985576923076923 0.1622596153846154
4 0.5336538461538461 0.3245192307692308 0.057692307692307696 0.18870192307692307
4 0.5444711538461539 0.171875 0.06490384615384616 0.1310096153846154
2 0.609375 0.31009615384615385 0.04927884615384615 0.09615384615384616
2 0.6334134615384616 0.20552884615384615 0.036057692307692304 0.05889423076923077
2 0.6514423076923077 0.13942307692307693 0.028846153846153848 0.04807692307692308
5 0.6622596153846154 0.23197115384615385 0.01201923076923077 0.05889423076923077
5 0.6778846153846154 0.24158653846153846 0.01201923076923077 0.05889423076923077
3 0.6117788461538461 0.0673076923076923 0.015625 0.038461538461538464
2 0.6478365384615384 0.04807692307692308 0.020432692307692308 0.038461538461538464
2 0.6790865384615384 0.06009615384615385 0.020432692307692308 0.038461538461538464
2 0.6622596153846154 0.0985576923076923 0.021634615384615384 0.03485576923076923
2 0.8088942307692307 0.10096153846153846 0.02283653846153846 0.036057692307692304
5 0.4362980769230769 0.25600961538461536 0.008413461538461538 0.051682692307692304