2 0.8329326923076923 0.6526442307692307 0.18509615384615385 0.21875
4 0.6334134615384616 0.7548076923076923 0.21875 0.4879807692307692
2 0.5372596153846154 0.4543269230769231 0.06129807692307692 0.13701923076923078
2 0.6310096153846154 0.3918269230769231 0.07211538461538461 0.1346153846153846
5 0.6670673076923077 0.25600961538461536 0.016826923076923076 0.06850961538461539
2 0.8100961538461539 0.10336538461538461 0.021634615384615384 0.04447115384615385
2 0.5588942307692307 0.24278846153846154 0.04447115384615385 0.08413461538461539
2 0.515625 0.21514423076923078 0.040865384615384616 0.0829326923076923
2 0.6021634615384616 0.15384615384615385 0.03485576923076923 0.0625
2 0.6514423076923077 0.15264423076923078 0.025240384615384616 0.04927884615384615
2 0.6021634615384616 0.08052884615384616 0.02283653846153846 0.042067307692307696
3 0.6298076923076923 0.09134615384615384 0.010817307692307692 0.04807692307692308
2 0.6454326923076923 0.07572115384615384 0.019230769230769232 0.037259615384615384
2 0.6754807692307693 0.08533653846153846 0.020432692307692308 0.042067307692307696
2 0.6550480769230769 0.042067307692307696 0.019230769230769232 0.03485576923076923
2 0.6899038461538461 0.02283653846153846 0.019230769230769232 0.03125
5 0.21634615384615385 0.3629807692307692 0.019230769230769232 0.07692307692307693