3 0.9411057692307693 0.8353365384615384 0.08653846153846154 0.1622596153846154
2 0.7379807692307693 0.5528846153846154 0.12740384615384615 0.17908653846153846
2 0.49399038461538464 0.6165865384615384 0.09735576923076923 0.17668269230769232
5 0.15865384615384615 0.7163461538461539 0.030048076923076924 0.11057692307692307
3 0.4519230769230769 0.4495192307692308 0.021634615384615384 0.1141826923076923
3 0.4879807692307692 0.38461538461538464 0.015625 0.0889423076923077
0 0.6622596153846154 0.3004807692307692 0.04326923076923077 0.0829326923076923
2 0.5600961538461539 0.4795673076923077 0.07091346153846154 0.1310096153846154
2 0.6069711538461539 0.3173076923076923 0.046875 0.09134615384615384
2 0.5396634615384616 0.32091346153846156 0.04927884615384615 0.08173076923076923
2 0.5733173076923077 0.22956730769230768 0.040865384615384616 0.06850961538461539
2 0.6322115384615384 0.1935096153846154 0.04326923076923077 0.08653846153846154
2 0.6081730769230769 0.15384615384615385 0.03245192307692308 0.05048076923076923
2 0.65625 0.12860576923076922 0.027644230769230768 0.05048076923076923
2 0.625 0.109375 0.030048076923076924 0.04326923076923077
2 0.671875 0.09014423076923077 0.030048076923076924 0.040865384615384616
2 0.6598557692307693 0.054086538461538464 0.02403846153846154 0.042067307692307696
2 0.6430288461538461 0.016826923076923076 0.019230769230769232 0.03245192307692308
2 0.6634615384615384 0.019230769230769232 0.014423076923076924 0.026442307692307692
2 0.6899038461538461 0.046875 0.016826923076923076 0.030048076923076924
2 0.8100961538461539 0.10096153846153846 0.02403846153846154 0.038461538461538464