0 0.4411057692307692 0.30528846153846156 0.019230769230769232 0.07572115384615384
2 0.5480769230769231 0.5925480769230769 0.0829326923076923 0.16346153846153846
2 0.7872596153846154 0.6430288461538461 0.13221153846153846 0.17908653846153846
2 0.5228365384615384 0.39302884615384615 0.052884615384615384 0.10576923076923077
2 0.6057692307692307 0.35216346153846156 0.04807692307692308 0.10576923076923077
2 0.6165865384615384 0.2403846153846154 0.04807692307692308 0.0889423076923077
2 0.5733173076923077 0.22355769230769232 0.04447115384615385 0.06971153846153846
2 0.5588942307692307 0.15745192307692307 0.039663461538461536 0.06610576923076923
5 0.6983173076923077 0.20072115384615385 0.009615384615384616 0.05889423076923077
2 0.8100961538461539 0.09975961538461539 0.021634615384615384 0.038461538461538464
3 0.8100961538461539 0.11778846153846154 0.009615384615384616 0.03485576923076923
2 0.6141826923076923 0.12740384615384615 0.028846153846153848 0.054086538461538464
2 0.6454326923076923 0.16826923076923078 0.03245192307692308 0.05889423076923077
2 0.6418269230769231 0.0829326923076923 0.027644230769230768 0.04567307692307692
2 0.6454326923076923 0.039663461538461536 0.019230769230769232 0.04447115384615385
2 0.6646634615384616 0.055288461538461536 0.019230769230769232 0.036057692307692304
5 0.5997596153846154 0.037259615384615384 0.008413461538461538 0.036057692307692304