2 0.6153846153846154 0.6334134615384616 0.11538461538461539 0.17908653846153846
2 0.65625 0.4795673076923077 0.08413461538461539 0.140625
5 0.08413461538461539 0.6322115384615384 0.02283653846153846 0.1141826923076923
2 0.59375 0.3004807692307692 0.04567307692307692 0.09014423076923077
2 0.5396634615384616 0.27163461538461536 0.054086538461538464 0.07451923076923077
2 0.6310096153846154 0.21995192307692307 0.040865384615384616 0.07451923076923077
2 0.5901442307692307 0.17307692307692307 0.042067307692307696 0.07091346153846154
2 0.6586538461538461 0.13341346153846154 0.03125 0.056490384615384616
2 0.6213942307692307 0.11538461538461539 0.030048076923076924 0.0625
2 0.6382211538461539 0.07451923076923077 0.03245192307692308 0.055288461538461536
2 0.6742788461538461 0.09975961538461539 0.02403846153846154 0.04567307692307692
2 0.6766826923076923 0.06490384615384616 0.021634615384615384 0.03485576923076923
2 0.6502403846153846 0.01201923076923077 0.019230769230769232 0.021634615384615384
2 0.8112980769230769 0.0985576923076923 0.02403846153846154 0.037259615384615384