3 0.6478365384615384 0.7403846153846154 0.05889423076923077 0.15504807692307693
4 0.6694711538461539 0.4831730769230769 0.16346153846153846 0.26802884615384615
2 0.5480769230769231 0.3557692307692308 0.05048076923076923 0.1141826923076923
2 0.6165865384615384 0.24759615384615385 0.046875 0.09014423076923077
2 0.5552884615384616 0.25240384615384615 0.04447115384615385 0.08533653846153846
5 0.6574519230769231 0.25841346153846156 0.01201923076923077 0.06490384615384616
2 0.5973557692307693 0.1466346153846154 0.038461538461538464 0.0733173076923077
2 0.6478365384615384 0.15144230769230768 0.027644230769230768 0.056490384615384616
2 0.6358173076923077 0.08052884615384616 0.025240384615384616 0.038461538461538464
2 0.640625 0.046875 0.015625 0.027644230769230768
2 0.6778846153846154 0.06610576923076923 0.027644230769230768 0.042067307692307696
3 0.6622596153846154 0.05889423076923077 0.013221153846153846 0.046875
2 0.8100961538461539 0.10216346153846154 0.019230769230769232 0.038461538461538464