2 0.4735576923076923 0.5 0.0673076923076923 0.14302884615384615
2 0.6646634615384616 0.6502403846153846 0.12740384615384615 0.19230769230769232
2 0.9471153846153846 0.7043269230769231 0.10336538461538461 0.21995192307692307
2 0.5528846153846154 0.3701923076923077 0.055288461538461536 0.13942307692307693
2 0.6033653846153846 0.3137019230769231 0.046875 0.09495192307692307
2 0.5889423076923077 0.18389423076923078 0.04326923076923077 0.0673076923076923
2 0.6346153846153846 0.20192307692307693 0.037259615384615384 0.0625
2 0.6514423076923077 0.13701923076923078 0.028846153846153848 0.06129807692307692
2 0.6286057692307693 0.0889423076923077 0.027644230769230768 0.05048076923076923
2 0.6742788461538461 0.08774038461538461 0.027644230769230768 0.04447115384615385
2 0.6790865384615384 0.056490384615384616 0.02283653846153846 0.036057692307692304
2 0.6442307692307693 0.020432692307692308 0.019230769230769232 0.03245192307692308
5 0.8689903846153846 0.203125 0.010817307692307692 0.04807692307692308
2 0.8100961538461539 0.10096153846153846 0.02403846153846154 0.036057692307692304
3 0.8112980769230769 0.11177884615384616 0.007211538461538462 0.028846153846153848
5 0.7151442307692307 0.11298076923076923 0.01201923076923077 0.04567307692307692
5 0.6177884615384616 0.03485576923076923 0.009615384615384616 0.03485576923076923
5 0.5492788461538461 0.09254807692307693 0.007211538461538462 0.038461538461538464
0 0.78125 0.06850961538461539 0.019230769230769232 0.03485576923076923