4 0.9038461538461539 0.9230769230769231 0.19110576923076922 0.14543269230769232
2 0.7067307692307693 0.7259615384615384 0.13341346153846154 0.22115384615384615
2 0.5300480769230769 0.5913461538461539 0.10336538461538461 0.16346153846153846
2 0.5336538461538461 0.4675480769230769 0.06850961538461539 0.13341346153846154
2 0.6754807692307693 0.46634615384615385 0.10817307692307693 0.1814903846153846
2 0.6153846153846154 0.3629807692307692 0.05048076923076923 0.1141826923076923
4 0.5348557692307693 0.29927884615384615 0.055288461538461536 0.16346153846153846
2 0.49038461538461536 0.27163461538461536 0.037259615384615384 0.07692307692307693
2 0.6141826923076923 0.2644230769230769 0.040865384615384616 0.07692307692307693
2 0.6310096153846154 0.19951923076923078 0.03485576923076923 0.06370192307692307
2 0.5348557692307693 0.1875 0.038461538461538464 0.046875
2 0.5961538461538461 0.16346153846153846 0.03485576923076923 0.06850961538461539
3 0.6346153846153846 0.1502403846153846 0.009615384615384616 0.042067307692307696
2 0.65625 0.13581730769230768 0.027644230769230768 0.051682692307692304
2 0.6129807692307693 0.1310096153846154 0.026442307692307692 0.054086538461538464
2 0.6153846153846154 0.06370192307692307 0.026442307692307692 0.054086538461538464
2 0.6754807692307693 0.07932692307692307 0.02283653846153846 0.040865384615384616
2 0.6490384615384616 0.05048076923076923 0.02283653846153846 0.037259615384615384
2 0.6634615384615384 0.015625 0.015625 0.028846153846153848
3 0.7884615384615384 0.10817307692307693 0.018028846153846152 0.039663461538461536
5 0.859375 0.1875 0.008413461538461538 0.04807692307692308
5 0.8689903846153846 0.19230769230769232 0.01201923076923077 0.04807692307692308