5 0.14783653846153846 0.4675480769230769 0.020432692307692308 0.07572115384615384
5 0.06370192307692307 0.7608173076923077 0.03485576923076923 0.11778846153846154
2 0.8100961538461539 0.10096153846153846 0.02283653846153846 0.03245192307692308
5 0.6225961538461539 0.23798076923076922 0.013221153846153846 0.0625
2 0.5697115384615384 0.20793269230769232 0.03485576923076923 0.06129807692307692
2 0.6346153846153846 0.20072115384615385 0.038461538461538464 0.05889423076923077
2 0.6021634615384616 0.16346153846153846 0.03485576923076923 0.05048076923076923
2 0.640625 0.15985576923076922 0.028846153846153848 0.037259615384615384
2 0.6153846153846154 0.11658653846153846 0.027644230769230768 0.040865384615384616
2 0.5877403846153846 0.10336538461538461 0.027644230769230768 0.042067307692307696
2 0.65625 0.1310096153846154 0.020432692307692308 0.046875
2 0.6322115384615384 0.10216346153846154 0.02283653846153846 0.046875
2 0.6514423076923077 0.036057692307692304 0.020432692307692308 0.036057692307692304
2 0.6694711538461539 0.09495192307692307 0.02403846153846154 0.040865384615384616
2 0.6778846153846154 0.06850961538461539 0.019230769230769232 0.037259615384615384