3 0.7620192307692307 0.953125 0.057692307692307696 0.09014423076923077
2 0.6105769230769231 0.8629807692307693 0.12259615384615384 0.2512019230769231
2 0.5492788461538461 0.5576923076923077 0.0829326923076923 0.15745192307692307
2 0.6189903846153846 0.43990384615384615 0.07451923076923077 0.1502403846153846
2 0.5096153846153846 0.3737980769230769 0.057692307692307696 0.11778846153846154
5 0.04326923076923077 0.6225961538461539 0.027644230769230768 0.09975961538461539
5 0.028846153846153848 0.7115384615384616 0.02283653846153846 0.10817307692307693
5 0.6706730769230769 0.2536057692307692 0.013221153846153846 0.0625
2 0.5733173076923077 0.20072115384615385 0.03485576923076923 0.0625
2 0.6334134615384616 0.19591346153846154 0.037259615384615384 0.07451923076923077
2 0.6466346153846154 0.1466346153846154 0.03125 0.051682692307692304
2 0.6322115384615384 0.09254807692307693 0.02403846153846154 0.042067307692307696
2 0.6730769230769231 0.08052884615384616 0.026442307692307692 0.042067307692307696
2 0.8125 0.10216346153846154 0.026442307692307692 0.038461538461538464
2 0.6502403846153846 0.042067307692307696 0.02283653846153846 0.038461538461538464
2 0.671875 0.014423076923076924 0.015625 0.025240384615384616