2 0.7644230769230769 0.6346153846153846 0.14182692307692307 0.17908653846153846
2 0.5504807692307693 0.53125 0.09134615384615384 0.19230769230769232
2 0.5036057692307693 0.2980769230769231 0.05048076923076923 0.0829326923076923
2 0.6045673076923077 0.36899038461538464 0.051682692307692304 0.09975961538461539
2 0.6069711538461539 0.25961538461538464 0.046875 0.08173076923076923
2 0.5889423076923077 0.19110576923076922 0.038461538461538464 0.05889423076923077
2 0.6418269230769231 0.17307692307692307 0.03125 0.06610576923076923
2 0.6213942307692307 0.109375 0.030048076923076924 0.04447115384615385
2 0.6057692307692307 0.078125 0.02403846153846154 0.040865384615384616
0 0.9471153846153846 0.38822115384615385 0.046875 0.0889423076923077
2 0.8125 0.10096153846153846 0.02403846153846154 0.036057692307692304
5 0.4723557692307692 0.23197115384615385 0.010817307692307692 0.051682692307692304
5 0.47836538461538464 0.234375 0.013221153846153846 0.04807692307692308
4 0.6850961538461539 0.036057692307692304 0.025240384615384616 0.04927884615384615
2 0.6658653846153846 0.021634615384615384 0.019230769230769232 0.03125
5 0.35096153846153844 0.31490384615384615 0.016826923076923076 0.0673076923076923
5 0.6490384615384616 0.28846153846153844 0.010817307692307692 0.07211538461538461
5 0.6538461538461539 0.2776442307692308 0.008413461538461538 0.06610576923076923