5 0.21514423076923078 0.7608173076923077 0.03125 0.14423076923076922
5 0.18269230769230768 0.8461538461538461 0.04326923076923077 0.13221153846153846
5 0.14182692307692307 0.8569711538461539 0.027644230769230768 0.12259615384615384
4 0.8834134615384616 0.6622596153846154 0.23197115384615385 0.4026442307692308
2 0.6201923076923077 0.6286057692307693 0.1045673076923077 0.1814903846153846
2 0.515625 0.3786057692307692 0.052884615384615384 0.10336538461538461
2 0.6033653846153846 0.29086538461538464 0.04326923076923077 0.0829326923076923
2 0.5552884615384616 0.24639423076923078 0.05048076923076923 0.07451923076923077
2 0.53125 0.19471153846153846 0.039663461538461536 0.0625
2 0.6358173076923077 0.18509615384615385 0.038461538461538464 0.0733173076923077
2 0.6394230769230769 0.0733173076923077 0.026442307692307692 0.042067307692307696
2 0.6634615384615384 0.0985576923076923 0.025240384615384616 0.040865384615384616
5 0.6550480769230769 0.28846153846153844 0.010817307692307692 0.0673076923076923
5 0.6694711538461539 0.25600961538461536 0.010817307692307692 0.06129807692307692
5 0.5360576923076923 0.10216346153846154 0.007211538461538462 0.04567307692307692
2 0.8100961538461539 0.09975961538461539 0.021634615384615384 0.03245192307692308