2 0.8689903846153846 0.8737980769230769 0.18389423076923078 0.2439903846153846
2 0.6021634615384616 0.6418269230769231 0.11177884615384616 0.1935096153846154
2 0.7584134615384616 0.5588942307692307 0.125 0.1778846153846154
2 0.4879807692307692 0.40865384615384615 0.05889423076923077 0.11899038461538461
3 0.5084134615384616 0.28365384615384615 0.013221153846153846 0.08173076923076923
2 0.5396634615384616 0.31490384615384615 0.04567307692307692 0.09014423076923077
2 0.6081730769230769 0.3004807692307692 0.04326923076923077 0.09254807692307693
2 0.5709134615384616 0.21995192307692307 0.04447115384615385 0.06971153846153846
2 0.6225961538461539 0.23076923076923078 0.038461538461538464 0.06971153846153846
2 0.6442307692307693 0.1658653846153846 0.037259615384615384 0.0673076923076923
3 0.6117788461538461 0.07091346153846154 0.009615384615384616 0.042067307692307696
2 0.6358173076923077 0.09014423076923077 0.026442307692307692 0.046875
2 0.6634615384615384 0.12139423076923077 0.02283653846153846 0.046875
2 0.6802884615384616 0.06490384615384616 0.020432692307692308 0.040865384615384616
2 0.6550480769230769 0.03125 0.02283653846153846 0.03485576923076923
2 0.8100961538461539 0.10096153846153846 0.021634615384615384 0.03485576923076923
3 0.6346153846153846 0.025240384615384616 0.007211538461538462 0.027644230769230768