2 0.6814903846153846 0.7668269230769231 0.12259615384615384 0.21153846153846154
2 0.5372596153846154 0.4375 0.06490384615384616 0.1466346153846154
2 0.6538461538461539 0.4963942307692308 0.08413461538461539 0.13221153846153846
3 0.5841346153846154 0.39663461538461536 0.019230769230769232 0.09254807692307693
5 0.171875 0.8245192307692307 0.03485576923076923 0.11778846153846154
5 0.3269230769230769 0.31850961538461536 0.016826923076923076 0.07091346153846154
2 0.4387019230769231 0.33653846153846156 0.06009615384615385 0.09014423076923077
5 0.6887019230769231 0.25 0.014423076923076924 0.0673076923076923
2 0.6057692307692307 0.31971153846153844 0.04807692307692308 0.1045673076923077
2 0.625 0.21153846153846154 0.040865384615384616 0.07091346153846154
4 0.5685096153846154 0.1814903846153846 0.0625 0.14302884615384615
2 0.65625 0.1310096153846154 0.03125 0.05889423076923077
2 0.6081730769230769 0.12860576923076922 0.016826923076923076 0.04567307692307692
2 0.6382211538461539 0.07572115384615384 0.025240384615384616 0.04807692307692308
2 0.6262019230769231 0.036057692307692304 0.026442307692307692 0.039663461538461536
2 0.65625 0.04326923076923077 0.02403846153846154 0.037259615384615384
2 0.8088942307692307 0.10336538461538461 0.019230769230769232 0.036057692307692304