2 0.7019230769230769 0.7391826923076923 0.13581730769230768 0.2283653846153846
2 0.6694711538461539 0.4831730769230769 0.09375 0.15144230769230768
2 0.5564903846153846 0.4495192307692308 0.07211538461538461 0.13701923076923078
2 0.4206730769230769 0.3605769230769231 0.08413461538461539 0.09254807692307693
2 0.5949519230769231 0.18870192307692307 0.038461538461538464 0.057692307692307696
5 0.6478365384615384 0.2848557692307692 0.009615384615384616 0.06850961538461539
5 0.6526442307692307 0.27283653846153844 0.007211538461538462 0.06129807692307692
5 0.47115384615384615 0.23677884615384615 0.007211538461538462 0.06129807692307692
5 0.47836538461538464 0.22956730769230768 0.007211538461538462 0.054086538461538464
4 0.6586538461538461 0.11899038461538461 0.04567307692307692 0.07091346153846154
2 0.671875 0.08052884615384616 0.025240384615384616 0.03365384615384615
2 0.6814903846153846 0.054086538461538464 0.019230769230769232 0.03365384615384615
2 0.6598557692307693 0.028846153846153848 0.019230769230769232 0.03125
2 0.8100961538461539 0.09975961538461539 0.02283653846153846 0.030048076923076924
0 0.9471153846153846 0.3858173076923077 0.046875 0.07692307692307693