2 0.5745192307692307 0.45552884615384615 0.06850961538461539 0.1346153846153846
2 0.5420673076923077 0.3173076923076923 0.0625 0.11057692307692307
2 0.6141826923076923 0.29086538461538464 0.046875 0.0829326923076923
2 0.5216346153846154 0.21033653846153846 0.046875 0.06490384615384616
2 0.6322115384615384 0.2127403846153846 0.046875 0.05889423076923077
2 0.5913461538461539 0.1935096153846154 0.038461538461538464 0.05889423076923077
2 0.5528846153846154 0.16346153846153846 0.042067307692307696 0.05889423076923077
3 0.5961538461538461 0.10576923076923077 0.014423076923076924 0.046875
3 0.6033653846153846 0.15264423076923078 0.015625 0.036057692307692304
2 0.6538461538461539 0.14903846153846154 0.027644230769230768 0.05889423076923077
2 0.6286057692307693 0.11057692307692307 0.02403846153846154 0.042067307692307696
2 0.6346153846153846 0.07932692307692307 0.020432692307692308 0.03485576923076923
2 0.6682692307692307 0.10576923076923077 0.028846153846153848 0.046875
2 0.6442307692307693 0.06490384615384616 0.02403846153846154 0.037259615384615384
2 0.6550480769230769 0.04326923076923077 0.02283653846153846 0.03365384615384615
5 0.4098557692307692 0.2776442307692308 0.013221153846153846 0.06971153846153846
5 0.859375 0.2091346153846154 0.009615384615384616 0.04447115384615385
5 0.8725961538461539 0.21394230769230768 0.015625 0.046875
5 0.9230769230769231 0.28125 0.01201923076923077 0.06129807692307692
5 0.9543269230769231 0.31850961538461536 0.021634615384615384 0.06971153846153846
2 0.8100961538461539 0.09615384615384616 0.02283653846153846 0.038461538461538464
3 0.8100961538461539 0.11298076923076923 0.009615384615384616 0.03365384615384615
5 0.7788461538461539 0.025240384615384616 0.009615384615384616 0.042067307692307696
3 0.03365384615384615 0.4411057692307692 0.04447115384615385 0.07572115384615384
2 0.6778846153846154 0.0733173076923077 0.026442307692307692 0.04326923076923077
2 0.6850961538461539 0.057692307692307696 0.021634615384615384 0.039663461538461536
5 0.5649038461538461 0.06610576923076923 0.007211538461538462 0.030048076923076924