2 0.6189903846153846 0.7427884615384616 0.13341346153846154 0.2848557692307692
2 0.7692307692307693 0.6346153846153846 0.13581730769230768 0.17668269230769232
2 0.8125 0.9471153846153846 0.11298076923076923 0.10336538461538461
2 0.6298076923076923 0.4170673076923077 0.07091346153846154 0.12740384615384615
2 0.3918269230769231 0.3894230769230769 0.09134615384615384 0.09615384615384616
2 0.5372596153846154 0.3401442307692308 0.055288461538461536 0.0985576923076923
2 0.5336538461538461 0.20552884615384615 0.040865384615384616 0.06370192307692307
4 0.5793269230769231 0.20072115384615385 0.042067307692307696 0.06610576923076923
2 0.6298076923076923 0.21875 0.038461538461538464 0.078125
2 0.6622596153846154 0.11057692307692307 0.027644230769230768 0.04807692307692308
2 0.6382211538461539 0.07091346153846154 0.02283653846153846 0.04807692307692308
2 0.6610576923076923 0.036057692307692304 0.015625 0.046875
2 0.6730769230769231 0.07451923076923077 0.020432692307692308 0.046875
3 0.6394230769230769 0.025240384615384616 0.007211538461538462 0.03485576923076923
2 0.8088942307692307 0.09495192307692307 0.020432692307692308 0.037259615384615384