5 0.014423076923076924 0.49158653846153844 0.020432692307692308 0.0889423076923077
2 0.6382211538461539 0.7427884615384616 0.15264423076923078 0.26322115384615385
2 0.6899038461538461 0.49759615384615385 0.09254807692307693 0.1466346153846154
2 0.5276442307692307 0.4074519230769231 0.0625 0.14543269230769232
2 0.6069711538461539 0.28725961538461536 0.046875 0.09254807692307693
2 0.5360576923076923 0.28966346153846156 0.052884615384615384 0.07692307692307693
0 0.6550480769230769 0.30649038461538464 0.042067307692307696 0.07451923076923077
2 0.6262019230769231 0.20552884615384615 0.039663461538461536 0.06610576923076923
2 0.5913461538461539 0.16346153846153846 0.04447115384615385 0.06490384615384616
2 0.625 0.10697115384615384 0.027644230769230768 0.04927884615384615
2 0.6622596153846154 0.12259615384615384 0.03125 0.054086538461538464
2 0.6754807692307693 0.078125 0.02403846153846154 0.036057692307692304
5 0.6911057692307693 0.15985576923076922 0.009615384615384616 0.054086538461538464
2 0.6850961538461539 0.03485576923076923 0.015625 0.03485576923076923
2 0.8100961538461539 0.09975961538461539 0.020432692307692308 0.03245192307692308
3 0.8137019230769231 0.11778846153846154 0.013221153846153846 0.03485576923076923