2 0.6346153846153846 0.7524038461538461 0.12139423076923077 0.22355769230769232
2 0.9254807692307693 0.7536057692307693 0.1466346153846154 0.20793269230769232
2 0.6682692307692307 0.47596153846153844 0.08533653846153846 0.13581730769230768
2 0.5793269230769231 0.3485576923076923 0.052884615384615384 0.0985576923076923
2 0.6105769230769231 0.24759615384615385 0.04927884615384615 0.08653846153846154
4 0.5552884615384616 0.21634615384615385 0.05889423076923077 0.12980769230769232
3 0.6370192307692307 0.1814903846153846 0.01201923076923077 0.054086538461538464
2 0.5973557692307693 0.16346153846153846 0.030048076923076924 0.051682692307692304
0 0.5673076923076923 0.12860576923076922 0.009615384615384616 0.038461538461538464
2 0.6598557692307693 0.109375 0.02283653846153846 0.052884615384615384
2 0.6298076923076923 0.0985576923076923 0.026442307692307692 0.04447115384615385
3 0.6574519230769231 0.06370192307692307 0.007211538461538462 0.038461538461538464
2 0.6358173076923077 0.030048076923076924 0.019230769230769232 0.03245192307692308
2 0.6850961538461539 0.04927884615384615 0.02283653846153846 0.04447115384615385
2 0.8088942307692307 0.10096153846153846 0.020432692307692308 0.03485576923076923