1 0.43990384615384615 0.8689903846153846 0.8076923076923077 0.25961538461538464
5 0.7536057692307693 0.7788461538461539 0.025240384615384616 0.07692307692307693
3 0.9362980769230769 0.4362980769230769 0.052884615384615384 0.08173076923076923
3 0.9747596153846154 0.45913461538461536 0.04807692307692308 0.0829326923076923
5 0.5036057692307693 0.31009615384615385 0.015625 0.07091346153846154
2 0.6213942307692307 0.25841346153846156 0.04326923076923077 0.0673076923076923
2 0.5288461538461539 0.18509615384615385 0.05889423076923077 0.12740384615384615
2 0.5889423076923077 0.1875 0.038461538461538464 0.06610576923076923
4 0.6442307692307693 0.15504807692307693 0.052884615384615384 0.125
3 0.5769230769230769 0.11658653846153846 0.01201923076923077 0.04807692307692308
2 0.6081730769230769 0.11899038461538461 0.019230769230769232 0.04807692307692308
2 0.625 0.06370192307692307 0.020432692307692308 0.042067307692307696
2 0.6838942307692307 0.04567307692307692 0.015625 0.030048076923076924
5 0.23677884615384615 0.31850961538461536 0.015625 0.06490384615384616
5 0.6021634615384616 0.021634615384615384 0.006009615384615385 0.027644230769230768
2 0.8100961538461539 0.09975961538461539 0.021634615384615384 0.03485576923076923
4 0.6538461538461539 0.07932692307692307 0.040865384615384616 0.078125