0 0.44591346153846156 0.6225961538461539 0.027644230769230768 0.12980769230769232
5 0.35697115384615385 0.3125 0.016826923076923076 0.06610576923076923
3 0.65625 0.4699519230769231 0.025240384615384616 0.10336538461538461
2 0.546875 0.3605769230769231 0.05048076923076923 0.1045673076923077
2 0.4855769230769231 0.2920673076923077 0.055288461538461536 0.09254807692307693
2 0.6081730769230769 0.3173076923076923 0.05048076923076923 0.125
3 0.5564903846153846 0.24639423076923078 0.010817307692307692 0.06971153846153846
2 0.5264423076923077 0.21995192307692307 0.039663461538461536 0.0625
2 0.6237980769230769 0.23557692307692307 0.04567307692307692 0.0733173076923077
2 0.5504807692307693 0.15865384615384615 0.036057692307692304 0.04927884615384615
2 0.6442307692307693 0.17548076923076922 0.036057692307692304 0.05889423076923077
4 0.6021634615384616 0.1201923076923077 0.06009615384615385 0.10336538461538461
2 0.6682692307692307 0.10697115384615384 0.03245192307692308 0.054086538461538464
2 0.6430288461538461 0.07572115384615384 0.026442307692307692 0.04447115384615385
2 0.6153846153846154 0.06129807692307692 0.02283653846153846 0.03485576923076923
2 0.6454326923076923 0.055288461538461536 0.019230769230769232 0.030048076923076924
2 0.6754807692307693 0.0829326923076923 0.025240384615384616 0.042067307692307696
2 0.6826923076923077 0.054086538461538464 0.021634615384615384 0.038461538461538464
2 0.6370192307692307 0.026442307692307692 0.018028846153846152 0.03125
5 0.6742788461538461 0.24158653846153846 0.009615384615384616 0.0625