2 0.6634615384615384 0.8221153846153846 0.13341346153846154 0.24519230769230768
2 0.9447115384615384 0.8052884615384616 0.109375 0.21514423076923078
2 0.7379807692307693 0.6021634615384616 0.12259615384615384 0.17427884615384615
2 0.6346153846153846 0.41586538461538464 0.07451923076923077 0.15504807692307693
2 0.5132211538461539 0.4639423076923077 0.06610576923076923 0.140625
0 0.8509615384615384 0.38341346153846156 0.05048076923076923 0.08413461538461539
2 0.5276442307692307 0.33774038461538464 0.05048076923076923 0.09735576923076923
0 0.6814903846153846 0.3004807692307692 0.046875 0.078125
5 0.6971153846153846 0.19591346153846154 0.01201923076923077 0.056490384615384616
2 0.5649038461538461 0.23918269230769232 0.04567307692307692 0.08052884615384616
2 0.6141826923076923 0.24879807692307693 0.046875 0.09254807692307693
3 0.6141826923076923 0.17908653846153846 0.015625 0.054086538461538464
2 0.6502403846153846 0.14543269230769232 0.037259615384615384 0.06971153846153846
2 0.5757211538461539 0.15264423076923078 0.037259615384615384 0.054086538461538464
2 0.6298076923076923 0.10216346153846154 0.021634615384615384 0.046875
2 0.671875 0.09735576923076923 0.026442307692307692 0.04807692307692308
2 0.6442307692307693 0.07572115384615384 0.02403846153846154 0.040865384615384616
3 0.6237980769230769 0.06129807692307692 0.009615384615384616 0.04447115384615385
3 0.6382211538461539 0.042067307692307696 0.009615384615384616 0.040865384615384616
2 0.65625 0.039663461538461536 0.02283653846153846 0.036057692307692304
2 0.8088942307692307 0.09975961538461539 0.019230769230769232 0.03485576923076923
5 0.9194711538461539 0.28365384615384615 0.014423076923076924 0.057692307692307696
5 0.9314903846153846 0.28365384615384615 0.010817307692307692 0.057692307692307696