5 0.18028846153846154 0.8677884615384616 0.038461538461538464 0.13942307692307693
3 0.4495192307692308 0.9519230769230769 0.09735576923076923 0.09495192307692307
3 0.5480769230769231 0.9639423076923077 0.0625 0.06971153846153846
2 0.12379807692307693 0.4987980769230769 0.10096153846153846 0.11057692307692307
5 0.4543269230769231 0.23798076923076922 0.013221153846153846 0.0625
5 0.44350961538461536 0.27884615384615385 0.007211538461538462 0.05889423076923077
5 0.6694711538461539 0.3161057692307692 0.016826923076923076 0.06850961538461539
5 0.6802884615384616 0.3088942307692308 0.009615384615384616 0.06370192307692307
2 0.8100961538461539 0.10096153846153846 0.02403846153846154 0.038461538461538464
3 0.8112980769230769 0.11298076923076923 0.007211538461538462 0.028846153846153848
5 0.5240384615384616 0.11899038461538461 0.010817307692307692 0.046875
5 0.5408653846153846 0.12379807692307693 0.009615384615384616 0.04447115384615385
2 0.5528846153846154 0.16706730769230768 0.037259615384615384 0.054086538461538464
2 0.5913461538461539 0.18028846153846154 0.04447115384615385 0.07091346153846154
2 0.6370192307692307 0.18990384615384615 0.038461538461538464 0.06610576923076923
2 0.6526442307692307 0.140625 0.03125 0.0625
2 0.6274038461538461 0.09375 0.028846153846153848 0.04927884615384615
2 0.6742788461538461 0.08533653846153846 0.025240384615384616 0.042067307692307696