2 0.5697115384615384 0.5649038461538461 0.0829326923076923 0.15264423076923078
2 0.7596153846153846 0.6334134615384616 0.13701923076923078 0.16947115384615385
5 0.055288461538461536 0.8353365384615384 0.025240384615384616 0.09615384615384616
5 0.09615384615384616 0.8088942307692307 0.03245192307692308 0.07932692307692307
5 0.2536057692307692 0.32091346153846156 0.02403846153846154 0.06370192307692307
3 0.5060096153846154 0.40384615384615385 0.02283653846153846 0.0985576923076923
2 0.6165865384615384 0.40384615384615385 0.0625 0.11057692307692307
2 0.5432692307692307 0.3125 0.057692307692307696 0.1045673076923077
0 0.6694711538461539 0.3125 0.04567307692307692 0.06610576923076923
5 0.8521634615384616 0.19230769230769232 0.016826923076923076 0.06370192307692307
5 0.8629807692307693 0.19471153846153846 0.010817307692307692 0.054086538461538464
5 0.8725961538461539 0.1935096153846154 0.013221153846153846 0.056490384615384616
2 0.8100961538461539 0.10096153846153846 0.02283653846153846 0.04807692307692308
3 0.8112980769230769 0.109375 0.010817307692307692 0.03485576923076923
5 0.6983173076923077 0.1466346153846154 0.010817307692307692 0.04807692307692308
2 0.5564903846153846 0.15865384615384615 0.027644230769230768 0.054086538461538464
3 0.5877403846153846 0.15745192307692307 0.013221153846153846 0.06370192307692307
2 0.6153846153846154 0.24278846153846154 0.03485576923076923 0.0625
2 0.6141826923076923 0.18870192307692307 0.03365384615384615 0.05048076923076923
2 0.6634615384615384 0.10216346153846154 0.027644230769230768 0.0625
2 0.6201923076923077 0.1201923076923077 0.03485576923076923 0.051682692307692304
2 0.6045673076923077 0.10216346153846154 0.02283653846153846 0.038461538461538464
2 0.6358173076923077 0.07451923076923077 0.019230769230769232 0.03485576923076923
2 0.6298076923076923 0.037259615384615384 0.026442307692307692 0.028846153846153848
4 0.6814903846153846 0.04927884615384615 0.03485576923076923 0.055288461538461536