3 0.9603365384615384 0.7728365384615384 0.07451923076923077 0.13221153846153846
2 0.9507211538461539 0.9050480769230769 0.09375 0.17548076923076922
2 0.8100961538461539 0.10096153846153846 0.02283653846153846 0.037259615384615384
5 0.4074519230769231 0.3161057692307692 0.014423076923076924 0.07692307692307693
2 0.5372596153846154 0.203125 0.038461538461538464 0.0673076923076923
2 0.5865384615384616 0.20793269230769232 0.04447115384615385 0.0733173076923077
2 0.6334134615384616 0.2091346153846154 0.03365384615384615 0.0625
2 0.6502403846153846 0.15745192307692307 0.03365384615384615 0.051682692307692304
2 0.6045673076923077 0.14543269230769232 0.027644230769230768 0.040865384615384616
2 0.6550480769230769 0.12740384615384615 0.025240384615384616 0.03245192307692308
2 0.6634615384615384 0.08774038461538461 0.026442307692307692 0.04447115384615385
5 0.5697115384615384 0.06370192307692307 0.007211538461538462 0.038461538461538464
2 0.6850961538461539 0.0733173076923077 0.018028846153846152 0.028846153846153848
2 0.6826923076923077 0.046875 0.021634615384615384 0.03365384615384615