2 0.6550480769230769 0.7067307692307693 0.11538461538461539 0.20673076923076922
2 0.7824519230769231 0.5793269230769231 0.11778846153846154 0.16466346153846154
3 0.5384615384615384 0.47475961538461536 0.026442307692307692 0.10817307692307693
2 0.609375 0.32211538461538464 0.054086538461538464 0.11899038461538461
2 0.5432692307692307 0.30288461538461536 0.052884615384615384 0.0889423076923077
5 0.6742788461538461 0.2536057692307692 0.014423076923076924 0.06971153846153846
4 0.6514423076923077 0.13581730769230768 0.05048076923076923 0.10216346153846154
2 0.6165865384615384 0.12259615384615384 0.02403846153846154 0.046875
5 0.5805288461538461 0.13221153846153846 0.015625 0.056490384615384616
2 0.6382211538461539 0.07211538461538461 0.02403846153846154 0.037259615384615384
2 0.671875 0.08052884615384616 0.028846153846153848 0.042067307692307696
2 0.8100961538461539 0.09975961538461539 0.021634615384615384 0.03485576923076923
2 0.6850961538461539 0.036057692307692304 0.018028846153846152 0.038461538461538464