2 0.9266826923076923 0.8040865384615384 0.14543269230769232 0.2403846153846154
2 0.6790865384615384 0.5252403846153846 0.09735576923076923 0.14903846153846154
2 0.5588942307692307 0.41225961538461536 0.057692307692307696 0.11538461538461539
3 0.49759615384615385 0.37259615384615385 0.02283653846153846 0.09495192307692307
2 0.6081730769230769 0.28125 0.05048076923076923 0.09615384615384616
2 0.5504807692307693 0.2692307692307692 0.04927884615384615 0.0829326923076923
2 0.5036057692307693 0.24879807692307693 0.04807692307692308 0.06610576923076923
5 0.7091346153846154 0.40865384615384615 0.018028846153846152 0.08052884615384616
5 0.7043269230769231 0.3858173076923077 0.016826923076923076 0.08774038461538461
5 0.08774038461538461 0.5192307692307693 0.025240384615384616 0.08653846153846154
5 0.02283653846153846 0.7175480769230769 0.021634615384615384 0.09975961538461539
5 0.6959134615384616 0.2127403846153846 0.010817307692307692 0.05889423076923077
5 0.6586538461538461 0.2620192307692308 0.015625 0.07451923076923077
5 0.7908653846153846 0.11057692307692307 0.010817307692307692 0.04447115384615385
2 0.8112980769230769 0.10336538461538461 0.02403846153846154 0.036057692307692304
5 0.6033653846153846 0.03245192307692308 0.007211538461538462 0.03365384615384615
5 0.5985576923076923 0.056490384615384616 0.008413461538461538 0.03485576923076923
2 0.6370192307692307 0.18870192307692307 0.040865384615384616 0.078125
3 0.6045673076923077 0.17307692307692307 0.013221153846153846 0.06610576923076923
3 0.6189903846153846 0.15745192307692307 0.014423076923076924 0.05889423076923077
2 0.6646634615384616 0.10697115384615384 0.027644230769230768 0.046875
2 0.6322115384615384 0.08653846153846154 0.027644230769230768 0.038461538461538464
2 0.6754807692307693 0.07091346153846154 0.026442307692307692 0.042067307692307696
3 0.6586538461538461 0.04326923076923077 0.009615384615384616 0.038461538461538464
3 0.6610576923076923 0.018028846153846152 0.007211538461538462 0.026442307692307692
2 0.6899038461538461 0.040865384615384616 0.019230769230769232 0.037259615384615384