2 0.7584134615384616 0.890625 0.1778846153846154 0.21514423076923078
2 0.5721153846153846 0.5949519230769231 0.10817307692307693 0.19951923076923078
2 0.7115384615384616 0.6033653846153846 0.11899038461538461 0.16826923076923078
2 0.5252403846153846 0.33413461538461536 0.05048076923076923 0.1045673076923077
4 0.4483173076923077 0.33774038461538464 0.06971153846153846 0.11899038461538461
2 0.6274038461538461 0.2091346153846154 0.038461538461538464 0.06610576923076923
2 0.6033653846153846 0.15264423076923078 0.03485576923076923 0.054086538461538464
4 0.6454326923076923 0.1502403846153846 0.04807692307692308 0.09615384615384616
2 0.6298076923076923 0.0985576923076923 0.026442307692307692 0.04807692307692308
3 0.6586538461538461 0.08774038461538461 0.010817307692307692 0.036057692307692304
2 0.6778846153846154 0.06129807692307692 0.021634615384615384 0.04807692307692308
2 0.8100961538461539 0.0985576923076923 0.021634615384615384 0.03365384615384615
1 0.039663461538461536 0.8617788461538461 0.078125 0.27403846153846156
5 0.5769230769230769 0.057692307692307696 0.009615384615384616 0.038461538461538464
5 0.5625 0.08052884615384616 0.010817307692307692 0.054086538461538464
2 0.6622596153846154 0.026442307692307692 0.016826923076923076 0.030048076923076924
5 0.6983173076923077 0.109375 0.008413461538461538 0.04447115384615385