5 0.578125 0.5384615384615384 0.02403846153846154 0.10697115384615384
5 0.48677884615384615 0.5372596153846154 0.019230769230769232 0.109375
5 0.5384615384615384 0.2860576923076923 0.014423076923076924 0.06971153846153846
5 0.5637019230769231 0.3173076923076923 0.015625 0.07451923076923077
5 0.5612980769230769 0.2776442307692308 0.010817307692307692 0.054086538461538464
5 0.6634615384615384 0.24158653846153846 0.013221153846153846 0.051682692307692304
3 0.5853365384615384 0.25 0.018028846153846152 0.07091346153846154
2 0.6274038461538461 0.2127403846153846 0.038461538461538464 0.05889423076923077
2 0.5961538461538461 0.16466346153846154 0.037259615384615384 0.06610576923076923
3 0.5721153846153846 0.13701923076923078 0.01201923076923077 0.046875
2 0.6418269230769231 0.1658653846153846 0.03125 0.05048076923076923
2 0.65625 0.14543269230769232 0.026442307692307692 0.051682692307692304
2 0.6574519230769231 0.109375 0.025240384615384616 0.040865384615384616
2 0.640625 0.07091346153846154 0.025240384615384616 0.042067307692307696
2 0.6790865384615384 0.0733173076923077 0.021634615384615384 0.03485576923076923
5 0.7800480769230769 0.11057692307692307 0.01201923076923077 0.04447115384615385
2 0.8100961538461539 0.10096153846153846 0.021634615384615384 0.037259615384615384
5 0.5805288461538461 0.06370192307692307 0.007211538461538462 0.03485576923076923
5 0.03485576923076923 0.3557692307692308 0.01201923076923077 0.06370192307692307
5 0.5973557692307693 0.052884615384615384 0.006009615384615385 0.036057692307692304
2 0.6862980769230769 0.04807692307692308 0.015625 0.03125
5 0.7896634615384616 0.026442307692307692 0.008413461538461538 0.03485576923076923