2 0.6598557692307693 0.7512019230769231 0.13822115384615385 0.22596153846153846
2 0.7235576923076923 0.6466346153846154 0.11057692307692307 0.1814903846153846
3 0.8197115384615384 0.6105769230769231 0.06129807692307692 0.14423076923076922
3 0.5612980769230769 0.5420673076923077 0.028846153846153848 0.1310096153846154
2 0.6213942307692307 0.3786057692307692 0.055288461538461536 0.11538461538461539
2 0.5396634615384616 0.3245192307692308 0.055288461538461536 0.109375
2 0.6225961538461539 0.22716346153846154 0.037259615384615384 0.0625
5 0.6971153846153846 0.22596153846153846 0.014423076923076924 0.0625
2 0.6466346153846154 0.15865384615384615 0.03245192307692308 0.046875
2 0.5817307692307693 0.125 0.030048076923076924 0.054086538461538464
2 0.6274038461538461 0.11057692307692307 0.028846153846153848 0.04807692307692308
2 0.6682692307692307 0.09615384615384616 0.027644230769230768 0.038461538461538464
3 0.6622596153846154 0.042067307692307696 0.009615384615384616 0.040865384615384616
2 0.6670673076923077 0.028846153846153848 0.021634615384615384 0.03125
5 0.3425480769230769 0.31850961538461536 0.01201923076923077 0.06610576923076923
2 0.8112980769230769 0.10096153846153846 0.02283653846153846 0.036057692307692304