2 0.8629807692307693 0.875 0.1971153846153846 0.24879807692307693
5 0.28365384615384615 0.9350961538461539 0.040865384615384616 0.12860576923076922
1 0.038461538461538464 0.8629807692307693 0.07692307692307693 0.2644230769230769
2 0.5673076923076923 0.5096153846153846 0.0733173076923077 0.1310096153846154
2 0.6574519230769231 0.421875 0.07451923076923077 0.12379807692307693
2 0.5408653846153846 0.36778846153846156 0.056490384615384616 0.11899038461538461
2 0.609375 0.2824519230769231 0.04326923076923077 0.0829326923076923
2 0.5564903846153846 0.25961538461538464 0.04326923076923077 0.07932692307692307
2 0.6418269230769231 0.18629807692307693 0.037259615384615384 0.06610576923076923
2 0.6021634615384616 0.16826923076923078 0.03125 0.055288461538461536
5 0.3858173076923077 0.31971153846153844 0.015625 0.0733173076923077
2 0.6622596153846154 0.12740384615384615 0.027644230769230768 0.046875
2 0.8088942307692307 0.10096153846153846 0.020432692307692308 0.03245192307692308
5 0.8762019230769231 0.20192307692307693 0.009615384615384616 0.05889423076923077
5 0.9002403846153846 0.2644230769230769 0.014423076923076924 0.05889423076923077
2 0.6358173076923077 0.0889423076923077 0.025240384615384616 0.042067307692307696
2 0.6177884615384616 0.07211538461538461 0.019230769230769232 0.037259615384615384
2 0.625 0.042067307692307696 0.021634615384615384 0.026442307692307692
2 0.6742788461538461 0.09495192307692307 0.027644230769230768 0.040865384615384616
2 0.6838942307692307 0.054086538461538464 0.020432692307692308 0.03485576923076923
2 0.6514423076923077 0.04567307692307692 0.021634615384615384 0.03365384615384615
5 0.4639423076923077 0.19230769230769232 0.01201923076923077 0.05048076923076923
5 0.7019230769230769 0.10697115384615384 0.008413461538461538 0.039663461538461536