2 0.8185096153846154 0.8810096153846154 0.17427884615384615 0.23677884615384615
2 0.8389423076923077 0.6346153846153846 0.1502403846153846 0.18509615384615385
2 0.5396634615384616 0.44591346153846156 0.06129807692307692 0.1310096153846154
2 0.6322115384615384 0.390625 0.06370192307692307 0.140625
5 0.6634615384615384 0.2860576923076923 0.01201923076923077 0.06370192307692307
5 0.6947115384615384 0.16826923076923078 0.01201923076923077 0.04807692307692308
5 0.4338942307692308 0.27283653846153844 0.014423076923076924 0.07091346153846154
2 0.5504807692307693 0.26802884615384615 0.04447115384615385 0.07692307692307693
2 0.6105769230769231 0.265625 0.038461538461538464 0.06370192307692307
2 0.5853365384615384 0.19110576923076922 0.04326923076923077 0.057692307692307696
2 0.6418269230769231 0.18509615384615385 0.042067307692307696 0.0673076923076923
2 0.5889423076923077 0.14302884615384615 0.030048076923076924 0.055288461538461536
2 0.7596153846153846 0.09495192307692307 0.03245192307692308 0.040865384615384616
2 0.8112980769230769 0.10096153846153846 0.02403846153846154 0.037259615384615384
3 0.8173076923076923 0.11057692307692307 0.014423076923076924 0.042067307692307696
2 0.6370192307692307 0.08052884615384616 0.02403846153846154 0.042067307692307696
2 0.65625 0.1310096153846154 0.026442307692307692 0.038461538461538464
2 0.6730769230769231 0.09134615384615384 0.025240384615384616 0.037259615384615384
2 0.6826923076923077 0.052884615384615384 0.02283653846153846 0.03245192307692308
2 0.6646634615384616 0.015625 0.018028846153846152 0.028846153846153848
5 0.03365384615384615 0.35096153846153844 0.015625 0.0829326923076923