2 0.6298076923076923 0.7439903846153846 0.12139423076923077 0.23317307692307693
2 0.8990384615384616 0.7776442307692307 0.15264423076923078 0.2247596153846154
2 0.7548076923076923 0.578125 0.12379807692307693 0.16826923076923078
2 0.5216346153846154 0.37259615384615385 0.05889423076923077 0.15144230769230768
2 0.6117788461538461 0.33413461538461536 0.04807692307692308 0.10336538461538461
2 0.5444711538461539 0.25 0.04567307692307692 0.07692307692307693
0 0.5060096153846154 0.20793269230769232 0.01201923076923077 0.0625
2 0.6274038461538461 0.22235576923076922 0.04326923076923077 0.07091346153846154
2 0.5985576923076923 0.1658653846153846 0.03485576923076923 0.054086538461538464
2 0.6610576923076923 0.1201923076923077 0.028846153846153848 0.04807692307692308
5 0.7079326923076923 0.16706730769230768 0.015625 0.054086538461538464
0 0.8401442307692307 0.2608173076923077 0.015625 0.0733173076923077
5 0.5817307692307693 0.057692307692307696 0.009615384615384616 0.042067307692307696
2 0.8100961538461539 0.10336538461538461 0.021634615384615384 0.040865384615384616
3 0.8112980769230769 0.1141826923076923 0.008413461538461538 0.03125