2 0.5985576923076923 0.7163461538461539 0.12139423076923077 0.21514423076923078
2 0.7716346153846154 0.6117788461538461 0.125 0.1658653846153846
2 0.9098557692307693 0.796875 0.16947115384615385 0.23197115384615385
0 0.6442307692307693 0.37740384615384615 0.05048076923076923 0.08653846153846154
5 0.6382211538461539 0.29447115384615385 0.013221153846153846 0.0733173076923077
2 0.5733173076923077 0.2247596153846154 0.04326923076923077 0.0673076923076923
2 0.6346153846153846 0.21394230769230768 0.039663461538461536 0.06370192307692307
2 0.5973557692307693 0.15745192307692307 0.040865384615384616 0.06370192307692307
2 0.6490384615384616 0.15985576923076922 0.027644230769230768 0.05048076923076923
3 0.5733173076923077 0.14302884615384615 0.01201923076923077 0.054086538461538464
2 0.8100961538461539 0.0985576923076923 0.021634615384615384 0.03485576923076923
2 0.6550480769230769 0.11899038461538461 0.025240384615384616 0.04807692307692308
2 0.6322115384615384 0.09375 0.028846153846153848 0.04447115384615385
2 0.6057692307692307 0.07692307692307693 0.027644230769230768 0.042067307692307696
3 0.6634615384615384 0.030048076923076924 0.009615384615384616 0.038461538461538464
3 0.6610576923076923 0.0733173076923077 0.013221153846153846 0.046875
2 0.6742788461538461 0.0889423076923077 0.027644230769230768 0.046875
2 0.6790865384615384 0.04927884615384615 0.018028846153846152 0.04447115384615385