1 0.051682692307692304 0.8641826923076923 0.10096153846153846 0.2704326923076923
5 0.5745192307692307 0.07211538461538461 0.008413461538461538 0.038461538461538464
5 0.5949519230769231 0.040865384615384616 0.009615384615384616 0.039663461538461536
2 0.8100961538461539 0.10096153846153846 0.025240384615384616 0.040865384615384616
2 0.578125 0.21033653846153846 0.036057692307692304 0.057692307692307696
2 0.6298076923076923 0.2127403846153846 0.04326923076923077 0.0733173076923077
2 0.5985576923076923 0.16105769230769232 0.036057692307692304 0.051682692307692304
4 0.6478365384615384 0.15144230769230768 0.051682692307692304 0.08653846153846154
2 0.6213942307692307 0.11658653846153846 0.025240384615384616 0.04807692307692308
2 0.6670673076923077 0.08533653846153846 0.02283653846153846 0.042067307692307696
2 0.6850961538461539 0.07211538461538461 0.020432692307692308 0.037259615384615384
5 0.6995192307692307 0.10336538461538461 0.007211538461538462 0.046875