2 0.7992788461538461 0.6454326923076923 0.13701923076923078 0.17908653846153846
2 0.5120192307692307 0.46634615384615385 0.057692307692307696 0.1346153846153846
2 0.6213942307692307 0.4026442307692308 0.0673076923076923 0.1310096153846154
3 0.5408653846153846 0.3425480769230769 0.02283653846153846 0.09495192307692307
3 0.6057692307692307 0.29086538461538464 0.046875 0.08413461538461539
2 0.53125 0.1935096153846154 0.039663461538461536 0.06370192307692307
2 0.5949519230769231 0.16826923076923078 0.036057692307692304 0.05889423076923077
2 0.6298076923076923 0.20673076923076922 0.036057692307692304 0.07091346153846154
2 0.65625 0.14423076923076922 0.025240384615384616 0.05048076923076923
5 0.6694711538461539 0.2548076923076923 0.010817307692307692 0.06129807692307692
5 0.6538461538461539 0.2932692307692308 0.01201923076923077 0.0733173076923077
5 0.9026442307692307 0.2692307692307692 0.009615384615384616 0.0673076923076923
2 0.8100961538461539 0.0985576923076923 0.025240384615384616 0.03365384615384615
4 0.6742788461538461 0.05048076923076923 0.03365384615384615 0.07451923076923077
5 0.5721153846153846 0.05889423076923077 0.009615384615384616 0.040865384615384616