0 0.5637019230769231 0.9182692307692307 0.038461538461538464 0.1622596153846154
2 0.9423076923076923 0.7584134615384616 0.1141826923076923 0.2512019230769231
2 0.65625 0.5985576923076923 0.09735576923076923 0.1778846153846154
2 0.6370192307692307 0.4014423076923077 0.06850961538461539 0.10336538461538461
2 0.38341346153846156 0.3870192307692308 0.09014423076923077 0.10697115384615384
2 0.5348557692307693 0.36538461538461536 0.052884615384615384 0.09254807692307693
2 0.48677884615384615 0.29086538461538464 0.054086538461538464 0.0829326923076923
2 0.5709134615384616 0.2536057692307692 0.039663461538461536 0.07451923076923077
2 0.5276442307692307 0.21875 0.042067307692307696 0.0673076923076923
2 0.6334134615384616 0.18990384615384615 0.036057692307692304 0.0673076923076923
2 0.5901442307692307 0.17307692307692307 0.039663461538461536 0.07692307692307693
2 0.5877403846153846 0.1045673076923077 0.027644230769230768 0.04447115384615385
2 0.6274038461538461 0.10817307692307693 0.030048076923076924 0.05048076923076923
2 0.6586538461538461 0.12259615384615384 0.025240384615384616 0.054086538461538464
4 0.6442307692307693 0.057692307692307696 0.025240384615384616 0.038461538461538464
3 0.6394230769230769 0.025240384615384616 0.008413461538461538 0.030048076923076924
2 0.6790865384615384 0.07451923076923077 0.020432692307692308 0.03485576923076923
2 0.8100961538461539 0.09975961538461539 0.019230769230769232 0.03485576923076923