5 0.18389423076923078 0.8629807692307693 0.03365384615384615 0.12980769230769232
5 0.22235576923076922 0.8305288461538461 0.03365384615384615 0.11899038461538461
5 0.24519230769230768 0.8185096153846154 0.027644230769230768 0.0985576923076923
2 0.6081730769230769 0.6574519230769231 0.10576923076923077 0.1935096153846154
2 0.5132211538461539 0.3245192307692308 0.055288461538461536 0.07572115384615384
5 0.24278846153846154 0.375 0.019230769230769232 0.07572115384615384
5 0.3701923076923077 0.3269230769230769 0.018028846153846152 0.06971153846153846
5 0.4170673076923077 0.3125 0.013221153846153846 0.0733173076923077
2 0.5817307692307693 0.21754807692307693 0.04447115384615385 0.06370192307692307
0 0.6670673076923077 0.31490384615384615 0.04447115384615385 0.06971153846153846
2 0.8100961538461539 0.10216346153846154 0.025240384615384616 0.042067307692307696
3 0.8112980769230769 0.11177884615384616 0.013221153846153846 0.03485576923076923
2 0.6334134615384616 0.21514423076923078 0.03365384615384615 0.05889423076923077
5 0.6850961538461539 0.15745192307692307 0.010817307692307692 0.04807692307692308
2 0.5997596153846154 0.15985576923076922 0.03365384615384615 0.040865384615384616
2 0.6454326923076923 0.15985576923076922 0.038461538461538464 0.06129807692307692
2 0.6262019230769231 0.09375 0.026442307692307692 0.040865384615384616
2 0.6610576923076923 0.1310096153846154 0.027644230769230768 0.04447115384615385
2 0.6694711538461539 0.0985576923076923 0.028846153846153848 0.046875
2 0.671875 0.057692307692307696 0.026442307692307692 0.042067307692307696