2 0.6682692307692307 0.7764423076923077 0.1201923076923077 0.2247596153846154
2 0.8990384615384616 0.875 0.14423076923076922 0.24879807692307693
2 0.6526442307692307 0.515625 0.08774038461538461 0.14783653846153846
2 0.5649038461538461 0.4026442307692308 0.054086538461538464 0.11057692307692307
2 0.5564903846153846 0.27403846153846156 0.04927884615384615 0.08533653846153846
2 0.6310096153846154 0.23557692307692307 0.04447115384615385 0.08173076923076923
2 0.6105769230769231 0.14182692307692307 0.03125 0.051682692307692304
5 0.5120192307692307 0.14903846153846154 0.010817307692307692 0.054086538461538464
2 0.6478365384615384 0.15865384615384615 0.03485576923076923 0.06009615384615385
2 0.6310096153846154 0.08413461538461539 0.026442307692307692 0.04447115384615385
2 0.6646634615384616 0.10096153846153846 0.027644230769230768 0.04807692307692308
2 0.65625 0.042067307692307696 0.026442307692307692 0.05048076923076923
2 0.6790865384615384 0.0625 0.020432692307692308 0.028846153846153848
2 0.8100961538461539 0.10576923076923077 0.020432692307692308 0.038461538461538464