4 0.8052884615384616 0.13221153846153846 0.08173076923076923 0.06370192307692307
2 0.9182692307692307 0.9086538461538461 0.1502403846153846 0.1814903846153846
2 0.7391826923076923 0.5540865384615384 0.14423076923076922 0.19110576923076922
2 0.5300480769230769 0.47836538461538464 0.0673076923076923 0.13701923076923078
2 0.5252403846153846 0.3245192307692308 0.054086538461538464 0.109375
2 0.6057692307692307 0.3088942307692308 0.06490384615384616 0.17307692307692307
3 0.6021634615384616 0.19230769230769232 0.014423076923076924 0.06009615384615385
2 0.6045673076923077 0.15144230769230768 0.038461538461538464 0.04927884615384615
2 0.6430288461538461 0.17668269230769232 0.03125 0.06009615384615385
5 0.6634615384615384 0.28846153846153844 0.013221153846153846 0.07091346153846154
2 0.6598557692307693 0.12259615384615384 0.030048076923076924 0.055288461538461536
2 0.640625 0.07451923076923077 0.027644230769230768 0.04447115384615385
2 0.671875 0.08774038461538461 0.02403846153846154 0.040865384615384616
5 0.7127403846153846 0.10817307692307693 0.008413461538461538 0.046875
5 0.41586538461538464 0.31850961538461536 0.015625 0.07692307692307693
2 0.6526442307692307 0.04567307692307692 0.019230769230769232 0.036057692307692304
2 0.6814903846153846 0.054086538461538464 0.019230769230769232 0.039663461538461536
5 0.20072115384615385 0.8365384615384616 0.04567307692307692 0.13942307692307693