3 0.6153846153846154 0.6826923076923077 0.040865384615384616 0.14302884615384615
3 0.5180288461538461 0.6069711538461539 0.030048076923076924 0.12620192307692307
3 0.6646634615384616 0.5805288461538461 0.03245192307692308 0.12379807692307693
2 0.6526442307692307 0.44471153846153844 0.08052884615384616 0.12980769230769232
0 0.4098557692307692 0.3713942307692308 0.015625 0.10576923076923077
5 0.20793269230769232 0.8629807692307693 0.038461538461538464 0.12139423076923077
2 0.8112980769230769 0.10336538461538461 0.025240384615384616 0.03245192307692308
2 0.5384615384615384 0.31850961538461536 0.046875 0.09615384615384616
2 0.5024038461538461 0.24519230769230768 0.04447115384615385 0.07692307692307693
2 0.6213942307692307 0.24519230769230768 0.04326923076923077 0.09375
2 0.578125 0.21153846153846154 0.038461538461538464 0.06610576923076923
2 0.5444711538461539 0.17908653846153846 0.036057692307692304 0.054086538461538464
2 0.6526442307692307 0.15264423076923078 0.030048076923076924 0.05048076923076923
2 0.6105769230769231 0.1502403846153846 0.030048076923076924 0.046875
2 0.5709134615384616 0.13942307692307693 0.027644230769230768 0.05048076923076923
2 0.5973557692307693 0.08653846153846154 0.02283653846153846 0.040865384615384616
2 0.625 0.1045673076923077 0.021634615384615384 0.036057692307692304
2 0.6634615384615384 0.0985576923076923 0.020432692307692308 0.046875
2 0.6334134615384616 0.0733173076923077 0.025240384615384616 0.03485576923076923
2 0.6514423076923077 0.042067307692307696 0.019230769230769232 0.03485576923076923
2 0.6766826923076923 0.06850961538461539 0.021634615384615384 0.038461538461538464