5 0.057692307692307696 0.6069711538461539 0.020432692307692308 0.09014423076923077
2 0.6021634615384616 0.5588942307692307 0.08774038461538461 0.1466346153846154
2 0.3317307692307692 0.42788461538461536 0.11298076923076923 0.10096153846153846
2 0.5913461538461539 0.36899038461538464 0.052884615384615384 0.10697115384615384
2 0.5552884615384616 0.2764423076923077 0.042067307692307696 0.0829326923076923
2 0.5228365384615384 0.24278846153846154 0.03485576923076923 0.06971153846153846
2 0.6274038461538461 0.21995192307692307 0.04447115384615385 0.06971153846153846
2 0.5901442307692307 0.19110576923076922 0.037259615384615384 0.05889423076923077
3 0.5444711538461539 0.18028846153846154 0.014423076923076924 0.04447115384615385
2 0.5661057692307693 0.14182692307692307 0.038461538461538464 0.04807692307692308
2 0.6490384615384616 0.17307692307692307 0.03245192307692308 0.06009615384615385
2 0.6141826923076923 0.12980769230769232 0.027644230769230768 0.04927884615384615
2 0.6694711538461539 0.09615384615384616 0.02403846153846154 0.038461538461538464
2 0.6358173076923077 0.08774038461538461 0.027644230769230768 0.040865384615384616
2 0.640625 0.056490384615384616 0.02283653846153846 0.028846153846153848
2 0.6790865384615384 0.057692307692307696 0.015625 0.030048076923076924
2 0.7572115384615384 0.07091346153846154 0.019230769230769232 0.038461538461538464
2 0.8100961538461539 0.10336538461538461 0.021634615384615384 0.036057692307692304
4 0.7632211538461539 0.025240384615384616 0.03365384615384615 0.046875