2 0.6995192307692307 0.859375 0.13341346153846154 0.2439903846153846
2 0.5360576923076923 0.41225961538461536 0.057692307692307696 0.12740384615384615
2 0.5973557692307693 0.3161057692307692 0.05048076923076923 0.09495192307692307
3 0.5600961538461539 0.24519230769230768 0.018028846153846152 0.06971153846153846
0 0.6586538461538461 0.30649038461538464 0.038461538461538464 0.08173076923076923
2 0.6153846153846154 0.24519230769230768 0.04927884615384615 0.06971153846153846
2 0.6057692307692307 0.14423076923076922 0.03245192307692308 0.054086538461538464
2 0.6490384615384616 0.15144230769230768 0.030048076923076924 0.04807692307692308
2 0.6370192307692307 0.08173076923076923 0.025240384615384616 0.04326923076923077
2 0.6754807692307693 0.08533653846153846 0.026442307692307692 0.042067307692307696
5 0.6875 0.15985576923076922 0.009615384615384616 0.055288461538461536
2 0.6550480769230769 0.036057692307692304 0.015625 0.030048076923076924
2 0.6850961538461539 0.040865384615384616 0.021634615384615384 0.03485576923076923
2 0.8100961538461539 0.09975961538461539 0.020432692307692308 0.03245192307692308
3 0.8125 0.1141826923076923 0.010817307692307692 0.03125