3 0.7295673076923077 0.7644230769230769 0.0625 0.15745192307692307
3 0.640625 0.6069711538461539 0.04447115384615385 0.13942307692307693
2 0.6370192307692307 0.453125 0.10216346153846154 0.18509615384615385
3 0.48677884615384615 0.29086538461538464 0.018028846153846152 0.078125
2 0.5985576923076923 0.28966346153846156 0.04567307692307692 0.09014423076923077
2 0.5528846153846154 0.25600961538461536 0.038461538461538464 0.07932692307692307
3 0.5865384615384616 0.19110576923076922 0.019230769230769232 0.057692307692307696
5 0.671875 0.2860576923076923 0.013221153846153846 0.06370192307692307
2 0.6370192307692307 0.1935096153846154 0.03485576923076923 0.056490384615384616
2 0.6129807692307693 0.125 0.027644230769230768 0.05048076923076923
3 0.6141826923076923 0.08052884615384616 0.01201923076923077 0.042067307692307696
2 0.6514423076923077 0.13701923076923078 0.03245192307692308 0.0625
2 0.6502403846153846 0.056490384615384616 0.020432692307692308 0.04447115384615385
2 0.8088942307692307 0.1045673076923077 0.019230769230769232 0.042067307692307696
5 0.7752403846153846 0.12139423076923077 0.013221153846153846 0.04447115384615385
5 0.5216346153846154 0.14903846153846154 0.009615384615384616 0.05889423076923077
2 0.6490384615384616 0.03365384615384615 0.020432692307692308 0.03125
5 0.7139423076923077 0.11538461538461539 0.021634615384615384 0.051682692307692304