5 0.09254807692307693 0.7836538461538461 0.03365384615384615 0.11298076923076923
2 0.5949519230769231 0.8076923076923077 0.12379807692307693 0.2283653846153846
2 0.6899038461538461 0.6153846153846154 0.11538461538461539 0.21394230769230768
0 0.6790865384615384 0.30528846153846156 0.04326923076923077 0.06971153846153846
2 0.578125 0.20432692307692307 0.04447115384615385 0.0625
3 0.609375 0.19110576923076922 0.01201923076923077 0.05889423076923077
2 0.6298076923076923 0.20552884615384615 0.042067307692307696 0.0625
2 0.6538461538461539 0.140625 0.03365384615384615 0.05048076923076923
2 0.6177884615384616 0.12259615384615384 0.03485576923076923 0.0625
2 0.6021634615384616 0.07091346153846154 0.026442307692307692 0.05048076923076923
2 0.6730769230769231 0.09735576923076923 0.02403846153846154 0.04326923076923077
2 0.6418269230769231 0.08052884615384616 0.02283653846153846 0.039663461538461536
2 0.6514423076923077 0.04807692307692308 0.021634615384615384 0.038461538461538464
3 0.6286057692307693 0.054086538461538464 0.008413461538461538 0.03485576923076923
3 0.6346153846153846 0.036057692307692304 0.009615384615384616 0.038461538461538464
2 0.6862980769230769 0.04447115384615385 0.018028846153846152 0.038461538461538464
2 0.8100961538461539 0.10216346153846154 0.021634615384615384 0.040865384615384616
3 0.49158653846153844 0.1658653846153846 0.025240384615384616 0.054086538461538464
2 0.9014423076923077 0.9483173076923077 0.1346153846153846 0.10216346153846154
5 0.9314903846153846 0.2848557692307692 0.013221153846153846 0.06490384615384616