2 0.24278846153846154 0.4254807692307692 0.11298076923076923 0.0889423076923077
2 0.6646634615384616 0.6454326923076923 0.12860576923076922 0.21033653846153846
2 0.8365384615384616 0.6550480769230769 0.13341346153846154 0.1778846153846154
2 0.5348557692307693 0.4170673076923077 0.056490384615384616 0.12980769230769232
2 0.4699519230769231 0.3701923076923077 0.04927884615384615 0.11899038461538461
2 0.6274038461538461 0.39302884615384615 0.06971153846153846 0.13701923076923078
2 0.5096153846153846 0.25721153846153844 0.046875 0.08653846153846154
2 0.5564903846153846 0.27884615384615385 0.04807692307692308 0.10576923076923077
2 0.609375 0.27283653846153844 0.04326923076923077 0.0829326923076923
2 0.640625 0.1814903846153846 0.03245192307692308 0.06009615384615385
2 0.5432692307692307 0.1778846153846154 0.040865384615384616 0.05889423076923077
4 0.5829326923076923 0.17427884615384615 0.04447115384615385 0.11899038461538461
2 0.6682692307692307 0.09014423076923077 0.03245192307692308 0.0625
4 0.640625 0.05889423076923077 0.027644230769230768 0.078125
2 0.6201923076923077 0.052884615384615384 0.018028846153846152 0.037259615384615384
2 0.6610576923076923 0.036057692307692304 0.018028846153846152 0.042067307692307696
2 0.6490384615384616 0.010817307692307692 0.015625 0.020432692307692308
2 0.8100961538461539 0.09975961538461539 0.021634615384615384 0.03485576923076923
5 0.9471153846153846 0.3004807692307692 0.016826923076923076 0.06610576923076923
5 0.9651442307692307 0.3016826923076923 0.014423076923076924 0.0673076923076923