5 0.13221153846153846 0.20673076923076922 0.04567307692307692 0.14423076923076922
2 0.5300480769230769 0.030048076923076924 0.08413461538461539 0.06009615384615385
5 0.7860576923076923 0.44471153846153844 0.036057692307692304 0.16105769230769232
2 0.30408653846153844 0.47716346153846156 0.15865384615384615 0.28725961538461536
2 0.08533653846153846 0.5961538461538461 0.17067307692307693 0.3605769230769231
2 0.6442307692307693 0.06490384615384616 0.1141826923076923 0.12860576923076922
0 0.7163461538461539 0.7319711538461539 0.09254807692307693 0.125
0 0.6514423076923077 0.7884615384615384 0.1346153846153846 0.22115384615384615
5 0.6947115384615384 0.09134615384615384 0.026442307692307692 0.12379807692307693
0 0.46153846153846156 0.9387019230769231 0.07572115384615384 0.12139423076923077
5 0.039663461538461536 0.11778846153846154 0.030048076923076924 0.1466346153846154