5 0.12379807692307693 0.28725961538461536 0.025240384615384616 0.1310096153846154
3 0.31971153846153844 0.2283653846153846 0.05048076923076923 0.15264423076923078
3 0.41225961538461536 0.18389423076923078 0.042067307692307696 0.17067307692307693
3 0.47716346153846156 0.25240384615384615 0.04807692307692308 0.14903846153846154
0 0.7127403846153846 0.7271634615384616 0.09495192307692307 0.12620192307692307
5 0.9182692307692307 0.4831730769230769 0.03245192307692308 0.14903846153846154
2 0.5985576923076923 0.15745192307692307 0.109375 0.19591346153846154
3 0.5396634615384616 0.11298076923076923 0.03365384615384615 0.1466346153846154
2 0.3581730769230769 0.06971153846153846 0.10336538461538461 0.13701923076923078
2 0.4831730769230769 0.0829326923076923 0.11538461538461539 0.16346153846153846
3 0.5733173076923077 0.046875 0.027644230769230768 0.08653846153846154