3 0.453125 0.24278846153846154 0.04326923076923077 0.18028846153846154
2 0.5120192307692307 0.39302884615384615 0.12860576923076922 0.2644230769230769
5 0.8822115384615384 0.40384615384615385 0.038461538461538464 0.15384615384615385
5 0.6875 0.4182692307692308 0.030048076923076924 0.15384615384615385
3 0.31971153846153844 0.48197115384615385 0.056490384615384616 0.2247596153846154
5 0.9026442307692307 0.4891826923076923 0.04567307692307692 0.1778846153846154
2 0.5120192307692307 0.05889423076923077 0.11538461538461539 0.11538461538461539
2 0.6370192307692307 0.06009615384615385 0.10336538461538461 0.11899038461538461
5 0.8040865384615384 0.0733173076923077 0.019230769230769232 0.1045673076923077
3 0.23076923076923078 0.8052884615384616 0.06850961538461539 0.23197115384615385
2 0.3389423076923077 0.8858173076923077 0.14903846153846154 0.2247596153846154
5 0.17548076923076922 0.1310096153846154 0.021634615384615384 0.14903846153846154