2 0.08533653846153846 0.7992788461538461 0.09495192307692307 0.1658653846153846
2 0.12139423076923077 0.9507211538461539 0.12860576923076922 0.09615384615384616
1 0.31971153846153844 0.5384615384615384 0.16826923076923078 0.38221153846153844
1 0.41466346153846156 0.421875 0.16826923076923078 0.33052884615384615
2 0.5168269230769231 0.43028846153846156 0.055288461538461536 0.12139423076923077
2 0.3088942307692308 0.25600961538461536 0.06129807692307692 0.10336538461538461
2 0.30528846153846156 0.09975961538461539 0.04807692307692308 0.07091346153846154
2 0.19230769230769232 0.11778846153846154 0.051682692307692304 0.078125
2 0.2644230769230769 0.03245192307692308 0.05048076923076923 0.0625
5 0.5649038461538461 0.08653846153846154 0.014423076923076924 0.04807692307692308
5 0.6322115384615384 0.18028846153846154 0.018028846153846152 0.09254807692307693
3 0.8329326923076923 0.39903846153846156 0.06370192307692307 0.12860576923076922
3 0.9591346153846154 0.4026442307692308 0.07932692307692307 0.12620192307692307
5 0.13221153846153846 0.41586538461538464 0.025240384615384616 0.1141826923076923