5 0.054086538461538464 0.41225961538461536 0.019230769230769232 0.11298076923076923
3 0.06370192307692307 0.39903846153846156 0.046875 0.08173076923076923
5 0.06850961538461539 0.46153846153846156 0.018028846153846152 0.11538461538461539
5 0.0829326923076923 0.5132211538461539 0.019230769230769232 0.11538461538461539
2 0.08173076923076923 0.8088942307692307 0.0889423076923077 0.171875
2 0.11899038461538461 0.9483173076923077 0.12620192307692307 0.09975961538461539
2 0.32091346153846156 0.2932692307692308 0.06610576923076923 0.11057692307692307
3 0.27163461538461536 0.2644230769230769 0.025240384615384616 0.10336538461538461
2 0.2980769230769231 0.18509615384615385 0.06971153846153846 0.10336538461538461
2 0.8401442307692307 0.4050480769230769 0.15144230769230768 0.11057692307692307
5 0.6177884615384616 0.6862980769230769 0.025240384615384616 0.1346153846153846
5 0.9879807692307693 0.6454326923076923 0.019230769230769232 0.09134615384615384