2 0.7007211538461539 0.7716346153846154 0.12139423076923077 0.18870192307692307
2 0.5012019230769231 0.7127403846153846 0.10817307692307693 0.18509615384615385
2 0.43149038461538464 0.5552884615384616 0.0889423076923077 0.14302884615384615
2 0.47475961538461536 0.38100961538461536 0.0889423076923077 0.15144230769230768
4 0.359375 0.3401442307692308 0.10697115384615384 0.24639423076923078
2 0.2980769230769231 0.24759615384615385 0.05048076923076923 0.09014423076923077
2 0.2764423076923077 0.18028846153846154 0.05889423076923077 0.08774038461538461
2 0.24158653846153846 0.1141826923076923 0.04807692307692308 0.07091346153846154
2 0.17427884615384615 0.0889423076923077 0.052884615384615384 0.07211538461538461
2 0.3125 0.109375 0.055288461538461536 0.07451923076923077
5 0.5 0.26802884615384615 0.021634615384615384 0.10576923076923077
5 0.8497596153846154 0.4639423076923077 0.028846153846153848 0.12740384615384615
2 0.08653846153846154 0.7872596153846154 0.0985576923076923 0.1502403846153846
2 0.1201923076923077 0.9435096153846154 0.1310096153846154 0.11057692307692307