2 0.16466346153846154 0.05889423076923077 0.037259615384615384 0.06129807692307692
2 0.22956730769230768 0.07932692307692307 0.04326923076923077 0.06610576923076923
2 0.2536057692307692 0.15985576923076922 0.055288461538461536 0.08052884615384616
2 0.32572115384615385 0.34134615384615385 0.06370192307692307 0.13942307692307693
2 0.34975961538461536 0.19591346153846154 0.054086538461538464 0.08052884615384616
2 0.45552884615384615 0.359375 0.07572115384615384 0.1045673076923077
0 0.5072115384615384 0.31490384615384615 0.021634615384615384 0.11538461538461539
2 0.5 0.453125 0.07932692307692307 0.11778846153846154
2 0.4519230769230769 0.5853365384615384 0.10336538461538461 0.16826923076923078
2 0.11899038461538461 0.9483173076923077 0.12620192307692307 0.09975961538461539
2 0.08173076923076923 0.8100961538461539 0.08774038461538461 0.171875
5 0.08413461538461539 0.41346153846153844 0.014423076923076924 0.09975961538461539
5 0.056490384615384616 0.3329326923076923 0.015625 0.09975961538461539
5 0.07091346153846154 0.3449519230769231 0.010817307692307692 0.06610576923076923
5 0.6911057692307693 0.25600961538461536 0.020432692307692308 0.09615384615384616
3 0.9375 0.390625 0.07091346153846154 0.12379807692307693