2 0.26322115384615385 0.1466346153846154 0.07211538461538461 0.140625
2 0.24639423076923078 0.015625 0.04326923076923077 0.027644230769230768
3 0.3293269230769231 0.20673076923076922 0.016826923076923076 0.07211538461538461
2 0.3737980769230769 0.22716346153846154 0.055288461538461536 0.09014423076923077
2 0.20552884615384615 0.25721153846153844 0.06129807692307692 0.09254807692307693
2 0.3004807692307692 0.2620192307692308 0.0625 0.09014423076923077
2 0.40865384615384615 0.2704326923076923 0.056490384615384616 0.09134615384615384
2 0.45913461538461536 0.34615384615384615 0.08774038461538461 0.13341346153846154
2 0.3762019230769231 0.3954326923076923 0.06850961538461539 0.10576923076923077
1 0.29086538461538464 0.4362980769230769 0.1502403846153846 0.3245192307692308
2 0.43149038461538464 0.5108173076923077 0.0889423076923077 0.13341346153846154
5 0.9807692307692307 0.6754807692307693 0.03485576923076923 0.1346153846153846
2 0.28846153846153844 0.07211538461538461 0.052884615384615384 0.08653846153846154
2 0.08173076923076923 0.8100961538461539 0.08774038461538461 0.171875
2 0.11899038461538461 0.9495192307692307 0.12620192307692307 0.0985576923076923
3 0.5649038461538461 0.9555288461538461 0.056490384615384616 0.08653846153846154
1 0.16346153846153846 0.09615384615384616 0.0829326923076923 0.1814903846153846
3 0.3088942307692308 0.13581730769230768 0.019230769230769232 0.06850961538461539