3 0.30288461538461536 0.11778846153846154 0.020432692307692308 0.08052884615384616
3 0.3293269230769231 0.1814903846153846 0.021634615384615384 0.0889423076923077
1 0.2127403846153846 0.2439903846153846 0.11658653846153846 0.23076923076923078
2 0.36778846153846156 0.40384615384615385 0.08774038461538461 0.23317307692307693
2 0.484375 0.4074519230769231 0.07932692307692307 0.11899038461538461
5 0.9158653846153846 0.4387019230769231 0.020432692307692308 0.06971153846153846
5 0.9350961538461539 0.4338942307692308 0.02283653846153846 0.07932692307692307
3 0.5757211538461539 0.9170673076923077 0.04447115384615385 0.1622596153846154
2 0.08173076923076923 0.8088942307692307 0.09014423076923077 0.16947115384615385
2 0.11899038461538461 0.9483173076923077 0.12620192307692307 0.09975961538461539
0 0.9290865384615384 0.9411057692307693 0.038461538461538464 0.11538461538461539
5 0.054086538461538464 0.5372596153846154 0.02403846153846154 0.125
5 0.021634615384615384 0.5408653846153846 0.02283653846153846 0.125
2 0.0625 0.47475961538461536 0.11298076923076923 0.09975961538461539