5 0.06971153846153846 0.16706730769230768 0.013221153846153846 0.07091346153846154
2 0.22716346153846154 0.08173076923076923 0.04567307692307692 0.0733173076923077
1 0.2692307692307692 0.390625 0.13942307692307693 0.28725961538461536
5 0.6117788461538461 0.3329326923076923 0.019230769230769232 0.11057692307692307
3 0.05889423076923077 0.3870192307692308 0.042067307692307696 0.11658653846153846
2 0.08173076923076923 0.8052884615384616 0.08774038461538461 0.171875
2 0.11899038461538461 0.9471153846153846 0.12379807692307693 0.10336538461538461
3 0.6899038461538461 0.9266826923076923 0.052884615384615384 0.14302884615384615
3 0.6382211538461539 0.6875 0.038461538461538464 0.171875
5 0.6358173076923077 0.30649038461538464 0.014423076923076924 0.0829326923076923
5 0.8509615384615384 0.609375 0.019230769230769232 0.11538461538461539