2 0.1778846153846154 0.019230769230769232 0.040865384615384616 0.037259615384615384
2 0.2764423076923077 0.19110576923076922 0.04807692307692308 0.08413461538461539
2 0.3629807692307692 0.21033653846153846 0.052884615384615384 0.07091346153846154
1 0.203125 0.21875 0.11658653846153846 0.24879807692307693
2 0.38822115384615385 0.2403846153846154 0.057692307692307696 0.078125
3 0.3713942307692308 0.27524038461538464 0.025240384615384616 0.0985576923076923
5 0.6538461538461539 0.29086538461538464 0.025240384615384616 0.10576923076923077
3 0.25240384615384615 0.030048076923076924 0.019230769230769232 0.06009615384615385
2 0.32211538461538464 0.29447115384615385 0.06971153846153846 0.10336538461538461
2 0.421875 0.30528846153846156 0.07211538461538461 0.09975961538461539
5 0.6045673076923077 0.3317307692307692 0.021634615384615384 0.109375
2 0.35216346153846156 0.36899038461538464 0.06971153846153846 0.109375
2 0.2536057692307692 0.39903846153846156 0.07692307692307693 0.1310096153846154
5 0.8557692307692307 0.41346153846153844 0.02403846153846154 0.109375
3 0.46153846153846156 0.43149038461538464 0.025240384615384616 0.12139423076923077
3 0.4411057692307692 0.4807692307692308 0.03485576923076923 0.13581730769230768
3 0.3858173076923077 0.5625 0.03245192307692308 0.1310096153846154
5 0.4483173076923077 0.08173076923076923 0.014423076923076924 0.07692307692307693
2 0.0829326923076923 0.8052884615384616 0.08653846153846154 0.16947115384615385
2 0.11899038461538461 0.9471153846153846 0.125 0.10336538461538461
2 0.24158653846153846 0.11057692307692307 0.037259615384615384 0.03365384615384615
3 0.2932692307692308 0.125 0.025240384615384616 0.0829326923076923
2 0.25841346153846156 0.13701923076923078 0.04447115384615385 0.05048076923076923