2 0.5552884615384616 0.5276442307692307 0.09254807692307693 0.13341346153846154
2 0.4807692307692308 0.6502403846153846 0.09975961538461539 0.1778846153846154
1 0.6694711538461539 0.8293269230769231 0.2824519230769231 0.3389423076923077
1 0.49158653846153844 0.9206730769230769 0.21514423076923078 0.15745192307692307
2 0.2439903846153846 0.4074519230769231 0.07572115384615384 0.125
2 0.38221153846153844 0.2403846153846154 0.0733173076923077 0.12620192307692307
2 0.1935096153846154 0.08413461538461539 0.052884615384615384 0.07211538461538461
5 0.16105769230769232 0.40024038461538464 0.021634615384615384 0.11538461538461539
5 0.15384615384615385 0.40024038461538464 0.015625 0.10576923076923077
5 0.15745192307692307 0.6153846153846154 0.038461538461538464 0.14903846153846154
2 0.08533653846153846 0.8028846153846154 0.09134615384615384 0.16706730769230768
2 0.11899038461538461 0.9483173076923077 0.12379807692307693 0.09975961538461539
5 0.04567307692307692 0.046875 0.014423076923076924 0.06850961538461539
5 0.5649038461538461 0.09134615384615384 0.013221153846153846 0.055288461538461536
5 0.6310096153846154 0.1875 0.010817307692307692 0.08653846153846154
3 0.8353365384615384 0.4026442307692308 0.06370192307692307 0.12740384615384615
3 0.9591346153846154 0.4014423076923077 0.07692307692307693 0.1346153846153846