5 0.07692307692307693 0.15144230769230768 0.016826923076923076 0.078125
5 0.039663461538461536 0.2848557692307692 0.019230769230769232 0.08653846153846154
3 0.2956730769230769 0.03365384615384615 0.019230769230769232 0.06370192307692307
2 0.46274038461538464 0.38221153846153844 0.07451923076923077 0.109375
0 0.6622596153846154 0.390625 0.06370192307692307 0.11778846153846154
3 0.47115384615384615 0.4795673076923077 0.03365384615384615 0.13341346153846154
2 0.21514423076923078 0.06850961538461539 0.04447115384615385 0.0733173076923077
2 0.08173076923076923 0.8052884615384616 0.08774038461538461 0.171875
2 0.30528846153846156 0.09375 0.04807692307692308 0.07091346153846154
2 0.11899038461538461 0.9471153846153846 0.125 0.10336538461538461
1 0.15865384615384615 0.09615384615384616 0.07932692307692307 0.18389423076923078
2 0.24879807692307693 0.11658653846153846 0.04927884615384615 0.07211538461538461