2 0.24759615384615385 0.3737980769230769 0.07091346153846154 0.1141826923076923
2 0.4098557692307692 0.27524038461538464 0.06850961538461539 0.1045673076923077
3 0.3329326923076923 0.25 0.025240384615384616 0.09975961538461539
2 0.5456730769230769 0.5096153846153846 0.0889423076923077 0.13581730769230768
5 0.6814903846153846 0.32211538461538464 0.02403846153846154 0.11778846153846154
2 0.6754807692307693 0.7259615384615384 0.1201923076923077 0.19951923076923078
2 0.5805288461538461 0.9158653846153846 0.11778846153846154 0.1658653846153846
2 0.4182692307692308 0.8918269230769231 0.10817307692307693 0.2127403846153846
2 0.8016826923076923 0.9471153846153846 0.14423076923076922 0.1045673076923077
3 0.9591346153846154 0.40384615384615385 0.078125 0.12620192307692307
5 0.6189903846153846 0.20793269230769232 0.021634615384615384 0.08173076923076923
2 0.07572115384615384 0.4807692307692308 0.13822115384615385 0.1141826923076923
2 0.08533653846153846 0.796875 0.09495192307692307 0.16105769230769232
2 0.11899038461538461 0.9483173076923077 0.125 0.09975961538461539