2 0.21394230769230768 0.0673076923076923 0.04567307692307692 0.06490384615384616
3 0.28846153846153844 0.19831730769230768 0.019230769230769232 0.09615384615384616
3 0.328125 0.17668269230769232 0.019230769230769232 0.08653846153846154
5 0.1778846153846154 0.4170673076923077 0.03245192307692308 0.07692307692307693
5 0.24879807692307693 0.41586538461538464 0.025240384615384616 0.1045673076923077
5 0.38341346153846156 0.38461538461538464 0.025240384615384616 0.10336538461538461
5 0.06370192307692307 0.484375 0.027644230769230768 0.11778846153846154
5 0.5853365384615384 0.33413461538461536 0.02283653846153846 0.11298076923076923
2 0.5745192307692307 0.8197115384615384 0.12259615384615384 0.22596153846153846
2 0.08173076923076923 0.8076923076923077 0.08774038461538461 0.17307692307692307
2 0.11899038461538461 0.9495192307692307 0.12620192307692307 0.0985576923076923