2 0.18990384615384615 0.18028846153846154 0.055288461538461536 0.08052884615384616
2 0.359375 0.1935096153846154 0.0673076923076923 0.09975961538461539
2 0.25240384615384615 0.030048076923076924 0.04807692307692308 0.06009615384615385
2 0.23317307692307693 0.32211538461538464 0.06610576923076923 0.09735576923076923
2 0.4326923076923077 0.3329326923076923 0.06971153846153846 0.1045673076923077
5 0.046875 0.03485576923076923 0.015625 0.06610576923076923
3 0.9423076923076923 0.36538461538461536 0.06850961538461539 0.10697115384615384
3 0.9435096153846154 0.3858173076923077 0.06971153846153846 0.11057692307692307
3 0.953125 0.39903846153846156 0.05889423076923077 0.11057692307692307
2 0.40024038461538464 0.4879807692307692 0.0889423076923077 0.13701923076923078
2 0.08173076923076923 0.8100961538461539 0.08774038461538461 0.171875
2 0.1201923076923077 0.9495192307692307 0.12620192307692307 0.0985576923076923
2 0.24759615384615385 0.13701923076923078 0.04807692307692308 0.07091346153846154