2 0.24639423076923078 0.14543269230769232 0.052884615384615384 0.078125
2 0.19831730769230768 0.02403846153846154 0.040865384615384616 0.036057692307692304
3 0.43028846153846156 0.28725961538461536 0.025240384615384616 0.10336538461538461
5 0.6346153846153846 0.328125 0.021634615384615384 0.11298076923076923
5 0.08173076923076923 0.3629807692307692 0.015625 0.10697115384615384
5 0.6526442307692307 0.36778846153846156 0.021634615384615384 0.10096153846153846
5 0.5612980769230769 0.38100961538461536 0.015625 0.109375
5 0.17668269230769232 0.40024038461538464 0.019230769230769232 0.11057692307692307
5 0.3389423076923077 0.4026442307692308 0.028846153846153848 0.10817307692307693
2 0.4375 0.5841346153846154 0.1045673076923077 0.171875
2 0.28725961538461536 0.08173076923076923 0.04807692307692308 0.06850961538461539
2 0.08173076923076923 0.8100961538461539 0.08774038461538461 0.171875
3 0.7776442307692307 0.9411057692307693 0.04927884615384615 0.1141826923076923
2 0.11899038461538461 0.9495192307692307 0.125 0.0985576923076923