3 0.21394230769230768 0.18509615384615385 0.018028846153846152 0.09134615384615384
3 0.4326923076923077 0.3088942307692308 0.030048076923076924 0.11298076923076923
3 0.9146634615384616 0.39302884615384615 0.06009615384615385 0.12740384615384615
3 0.9603365384615384 0.39903846153846156 0.07692307692307693 0.12379807692307693
2 0.3918269230769231 0.4495192307692308 0.08173076923076923 0.1346153846153846
5 0.1971153846153846 0.734375 0.02283653846153846 0.12860576923076922
2 0.22956730769230768 0.078125 0.051682692307692304 0.08413461538461539
2 0.08413461538461539 0.796875 0.09134615384615384 0.15144230769230768
1 0.15384615384615385 0.08413461538461539 0.0829326923076923 0.14903846153846154
2 0.11899038461538461 0.9495192307692307 0.12139423076923077 0.0985576923076923
5 0.5625 0.10336538461538461 0.009615384615384616 0.0733173076923077