2 0.24759615384615385 0.1502403846153846 0.055288461538461536 0.0889423076923077
2 0.3473557692307692 0.15745192307692307 0.04927884615384615 0.08653846153846154
3 0.27884615384615385 0.2776442307692308 0.02283653846153846 0.09735576923076923
2 0.25721153846153844 0.028846153846153848 0.04447115384615385 0.052884615384615384
3 0.23918269230769232 0.3293269230769231 0.027644230769230768 0.04567307692307692
5 0.5024038461538461 0.3485576923076923 0.028846153846153848 0.1310096153846154
3 0.4411057692307692 0.3557692307692308 0.028846153846153848 0.11057692307692307
2 0.140625 0.038461538461538464 0.04326923076923077 0.06971153846153846
3 0.9399038461538461 0.3894230769230769 0.07692307692307693 0.11899038461538461
5 0.051682692307692304 0.4050480769230769 0.025240384615384616 0.09975961538461539
2 0.23798076923076922 0.4182692307692308 0.06850961538461539 0.10817307692307693
3 0.40384615384615385 0.4254807692307692 0.03245192307692308 0.1141826923076923
2 0.4495192307692308 0.5985576923076923 0.09254807692307693 0.171875
3 0.6105769230769231 0.6225961538461539 0.038461538461538464 0.15384615384615385
5 0.12139423076923077 0.6346153846153846 0.03245192307692308 0.1310096153846154
5 0.08774038461538461 0.6394230769230769 0.027644230769230768 0.1346153846153846
2 0.21995192307692307 0.07692307692307693 0.04567307692307692 0.07211538461538461
2 0.08533653846153846 0.7932692307692307 0.09254807692307693 0.14423076923076922
5 0.15264423076923078 0.8100961538461539 0.03365384615384615 0.14182692307692307
5 0.18509615384615385 0.8100961538461539 0.03245192307692308 0.11899038461538461
0 0.8918269230769231 0.9002403846153846 0.038461538461538464 0.18509615384615385
2 0.11899038461538461 0.9471153846153846 0.12139423076923077 0.1045673076923077