5 0.6009615384615384 0.16706730769230768 0.021634615384615384 0.09134615384615384
1 0.19471153846153846 0.19230769230769232 0.10216346153846154 0.22596153846153846
2 0.30408653846153844 0.2247596153846154 0.056490384615384616 0.08653846153846154
3 0.38100961538461536 0.23557692307692307 0.021634615384615384 0.09615384615384616
2 0.18509615384615385 0.027644230769230768 0.052884615384615384 0.04807692307692308
2 0.3173076923076923 0.2932692307692308 0.0673076923076923 0.09495192307692307
3 0.42788461538461536 0.3016826923076923 0.025240384615384616 0.1045673076923077
2 0.24278846153846154 0.3605769230769231 0.06370192307692307 0.10336538461538461
2 0.35096153846153844 0.3641826923076923 0.06610576923076923 0.10576923076923077
5 0.055288461538461536 0.4110576923076923 0.030048076923076924 0.1141826923076923
2 0.48197115384615385 0.4254807692307692 0.07572115384615384 0.11298076923076923
3 0.36778846153846156 0.42788461538461536 0.025240384615384616 0.10096153846153846
2 0.265625 0.4483173076923077 0.0673076923076923 0.1141826923076923
2 0.39903846153846156 0.4963942307692308 0.08052884615384616 0.12620192307692307
5 0.03125 0.5096153846153846 0.019230769230769232 0.07932692307692307
2 0.515625 0.5108173076923077 0.08052884615384616 0.12379807692307693
2 0.6057692307692307 0.6189903846153846 0.07692307692307693 0.1466346153846154
5 0.06971153846153846 0.6526442307692307 0.025240384615384616 0.13942307692307693
2 0.6478365384615384 0.6838942307692307 0.10336538461538461 0.18389423076923078
2 0.6887019230769231 0.7848557692307693 0.10336538461538461 0.16947115384615385
2 0.08173076923076923 0.8064903846153846 0.08774038461538461 0.17548076923076922
2 0.7584134615384616 0.9074519230769231 0.13701923076923078 0.1814903846153846
2 0.11899038461538461 0.9483173076923077 0.12620192307692307 0.09975961538461539