2 0.14903846153846154 0.040865384615384616 0.040865384615384616 0.0625
3 0.234375 0.056490384615384616 0.016826923076923076 0.07211538461538461
2 0.3076923076923077 0.08774038461538461 0.04927884615384615 0.0733173076923077
2 0.22235576923076922 0.15745192307692307 0.046875 0.07692307692307693
2 0.16346153846153846 0.13942307692307693 0.05048076923076923 0.07451923076923077
2 0.21875 0.26802884615384615 0.06610576923076923 0.11658653846153846
3 0.2247596153846154 0.34134615384615385 0.021634615384615384 0.056490384615384616
2 0.2127403846153846 0.4182692307692308 0.042067307692307696 0.10096153846153846
2 0.36177884615384615 0.19471153846153846 0.06009615384615385 0.0733173076923077
3 0.31971153846153844 0.22596153846153846 0.021634615384615384 0.08173076923076923
2 0.3545673076923077 0.40024038461538464 0.055288461538461536 0.10817307692307693
2 0.4795673076923077 0.41586538461538464 0.07932692307692307 0.11057692307692307
1 0.3137019230769231 0.5348557692307693 0.16105769230769232 0.3762019230769231
2 0.46033653846153844 0.5913461538461539 0.08774038461538461 0.1346153846153846
3 0.5432692307692307 0.7836538461538461 0.040865384615384616 0.16706730769230768
2 0.6682692307692307 0.7223557692307693 0.12139423076923077 0.20552884615384615
2 0.11899038461538461 0.9483173076923077 0.12620192307692307 0.10096153846153846
2 0.08173076923076923 0.8052884615384616 0.08774038461538461 0.17067307692307693
5 0.6574519230769231 0.25240384615384615 0.020432692307692308 0.10697115384615384