2 0.6322115384615384 0.6887019230769231 0.11899038461538461 0.1778846153846154
3 0.40625 0.5060096153846154 0.037259615384615384 0.13341346153846154
5 0.18269230769230768 0.5817307692307693 0.027644230769230768 0.12259615384615384
2 0.0829326923076923 0.7980769230769231 0.09495192307692307 0.16346153846153846
2 0.11899038461538461 0.9507211538461539 0.1201923076923077 0.09615384615384616
5 0.6213942307692307 0.35697115384615385 0.019230769230769232 0.1141826923076923
5 0.6141826923076923 0.1971153846153846 0.019230769230769232 0.08774038461538461
2 0.3293269230769231 0.3269230769230769 0.07091346153846154 0.10576923076923077
3 0.2283653846153846 0.31850961538461536 0.03365384615384615 0.109375
3 0.20793269230769232 0.06370192307692307 0.019230769230769232 0.07692307692307693
2 0.3161057692307692 0.12620192307692307 0.054086538461538464 0.08413461538461539
5 0.5625 0.08413461538461539 0.015625 0.05048076923076923