2 0.2536057692307692 0.13942307692307693 0.055288461538461536 0.08774038461538461
2 0.24759615384615385 0.015625 0.04927884615384615 0.030048076923076924
2 0.2848557692307692 0.23317307692307693 0.05889423076923077 0.0985576923076923
2 0.38341346153846156 0.24879807692307693 0.06370192307692307 0.1141826923076923
5 0.6129807692307693 0.3293269230769231 0.016826923076923076 0.11658653846153846
5 0.9411057692307693 0.3449519230769231 0.030048076923076924 0.11298076923076923
2 0.45913461538461536 0.3786057692307692 0.08413461538461539 0.140625
2 0.39302884615384615 0.47115384615384615 0.08413461538461539 0.1502403846153846
2 0.5384615384615384 0.4963942307692308 0.0829326923076923 0.13701923076923078
3 0.5012019230769231 0.6634615384615384 0.04326923076923077 0.15985576923076922
2 0.19951923076923078 0.0733173076923077 0.05889423076923077 0.06610576923076923
2 0.08533653846153846 0.7932692307692307 0.09134615384615384 0.15504807692307693
3 0.4987980769230769 0.8521634615384616 0.042067307692307696 0.17668269230769232
5 0.5649038461538461 0.08774038461538461 0.01201923076923077 0.042067307692307696
2 0.7331730769230769 0.8882211538461539 0.12139423076923077 0.1875
3 0.5997596153846154 0.8894230769230769 0.046875 0.20192307692307693
2 0.12139423076923077 0.9495192307692307 0.12620192307692307 0.09735576923076923
2 0.15625 0.10096153846153846 0.04567307692307692 0.07451923076923077