2 0.5240384615384616 0.8028846153846154 0.11778846153846154 0.18028846153846154
2 0.39903846153846156 0.4891826923076923 0.0889423076923077 0.13341346153846154
2 0.22596153846153846 0.08533653846153846 0.054086538461538464 0.08173076923076923
1 0.203125 0.20192307692307693 0.10697115384615384 0.23798076923076922
5 0.06129807692307692 0.3786057692307692 0.02283653846153846 0.09975961538461539
5 0.08774038461538461 0.3762019230769231 0.025240384615384616 0.10817307692307693
2 0.08413461538461539 0.7992788461538461 0.08774038461538461 0.14903846153846154
2 0.11899038461538461 0.9495192307692307 0.12860576923076922 0.0985576923076923
3 0.171875 0.042067307692307696 0.02403846153846154 0.06490384615384616
3 0.27283653846153844 0.17548076923076922 0.025240384615384616 0.08413461538461539
5 0.5685096153846154 0.09975961538461539 0.016826923076923076 0.06850961538461539
0 0.7487980769230769 0.49759615384615385 0.06129807692307692 0.08052884615384616
5 0.6189903846153846 0.3401442307692308 0.026442307692307692 0.11658653846153846
3 0.9362980769230769 0.3942307692307692 0.06850961538461539 0.13942307692307693