2 0.29447115384615385 0.22596153846153846 0.06610576923076923 0.09254807692307693
2 0.18870192307692307 0.026442307692307692 0.04567307692307692 0.052884615384615384
2 0.21875 0.2956730769230769 0.06370192307692307 0.09975961538461539
3 0.47596153846153844 0.34615384615384615 0.03485576923076923 0.109375
3 0.9639423076923077 0.38461538461538464 0.06610576923076923 0.11538461538461539
2 0.40384615384615385 0.5012019230769231 0.08173076923076923 0.13221153846153846
3 0.5228365384615384 0.5528846153846154 0.03485576923076923 0.1466346153846154
3 0.6334134615384616 0.5925480769230769 0.040865384615384616 0.14903846153846154
2 0.46153846153846156 0.6045673076923077 0.10096153846153846 0.13701923076923078
2 0.5012019230769231 0.7175480769230769 0.078125 0.1502403846153846
2 0.08653846153846154 0.7920673076923077 0.09375 0.16105769230769232
4 0.6057692307692307 0.8233173076923077 0.18269230769230768 0.3389423076923077
2 0.7728365384615384 0.9122596153846154 0.12860576923076922 0.17307692307692307
2 0.1201923076923077 0.9471153846153846 0.12860576923076922 0.1045673076923077
2 0.21995192307692307 0.1310096153846154 0.054086538461538464 0.0829326923076923