5 0.051682692307692304 0.3870192307692308 0.020432692307692308 0.09615384615384616
1 0.16346153846153846 0.1141826923076923 0.0829326923076923 0.18870192307692307
1 0.28125 0.12620192307692307 0.0985576923076923 0.19951923076923078
2 0.2091346153846154 0.055288461538461536 0.04326923076923077 0.06610576923076923
2 0.171875 0.4699519230769231 0.12620192307692307 0.12740384615384615
2 0.5216346153846154 0.6081730769230769 0.0985576923076923 0.14302884615384615
2 0.5324519230769231 0.7824519230769231 0.11298076923076923 0.17548076923076922
3 0.7824519230769231 0.9314903846153846 0.054086538461538464 0.13341346153846154
2 0.08173076923076923 0.8088942307692307 0.08774038461538461 0.171875
2 0.11899038461538461 0.9495192307692307 0.12620192307692307 0.0985576923076923
5 0.5697115384615384 0.2704326923076923 0.021634615384615384 0.09615384615384616
5 0.6790865384615384 0.31009615384615385 0.02403846153846154 0.10817307692307693