5 0.625 0.18389423076923078 0.01201923076923077 0.0829326923076923
2 0.2283653846153846 0.33413461538461536 0.06610576923076923 0.09615384615384616
5 0.046875 0.038461538461538464 0.010817307692307692 0.06490384615384616
3 0.8882211538461539 0.38100961538461536 0.06370192307692307 0.11538461538461539
3 0.9362980769230769 0.38100961538461536 0.07211538461538461 0.12379807692307693
3 0.9338942307692307 0.3954326923076923 0.06971153846153846 0.11057692307692307
5 0.057692307692307696 0.04447115384615385 0.009615384615384616 0.05048076923076923
5 0.06971153846153846 0.04567307692307692 0.009615384615384616 0.05048076923076923
3 0.5108173076923077 0.6610576923076923 0.03485576923076923 0.15504807692307693
1 0.15985576923076922 0.08052884615384616 0.08533653846153846 0.16105769230769232
2 0.08173076923076923 0.8076923076923077 0.08774038461538461 0.16826923076923078
2 0.11899038461538461 0.9483173076923077 0.125 0.09975961538461539
5 0.10697115384615384 0.12139423076923077 0.013221153846153846 0.06850961538461539