3 0.5697115384615384 0.7944711538461539 0.037259615384615384 0.171875
3 0.4963942307692308 0.6237980769230769 0.03485576923076923 0.14543269230769232
3 0.3389423076923077 0.5949519230769231 0.03245192307692308 0.16346153846153846
2 0.5600961538461539 0.5576923076923077 0.09014423076923077 0.14543269230769232
5 0.6177884615384616 0.3317307692307692 0.019230769230769232 0.109375
3 0.17548076923076922 0.45072115384615385 0.04567307692307692 0.12139423076923077
2 0.1201923076923077 0.9495192307692307 0.12259615384615384 0.09735576923076923
2 0.08413461538461539 0.8040865384615384 0.09495192307692307 0.16105769230769232
2 0.3641826923076923 0.39302884615384615 0.07211538461538461 0.125
2 0.4375 0.3449519230769231 0.06971153846153846 0.10817307692307693
5 0.5649038461538461 0.09495192307692307 0.01201923076923077 0.0625
3 0.2848557692307692 0.2800480769230769 0.025240384615384616 0.10096153846153846
3 0.3389423076923077 0.2860576923076923 0.025240384615384616 0.10336538461538461
3 0.31009615384615385 0.22956730769230768 0.019230769230769232 0.08774038461538461
2 0.38221153846153844 0.20673076923076922 0.056490384615384616 0.08413461538461539
2 0.2512019230769231 0.14302884615384615 0.052884615384615384 0.0889423076923077
2 0.31971153846153844 0.1201923076923077 0.04807692307692308 0.09014423076923077
2 0.2776442307692308 0.051682692307692304 0.04567307692307692 0.06850961538461539
2 0.15865384615384615 0.10576923076923077 0.04326923076923077 0.07692307692307693
2 0.2127403846153846 0.038461538461538464 0.04326923076923077 0.06971153846153846
2 0.140625 0.07932692307692307 0.036057692307692304 0.06971153846153846