5 0.6117788461538461 0.19471153846153846 0.013221153846153846 0.078125
2 0.2620192307692308 0.1971153846153846 0.055288461538461536 0.0829326923076923
2 0.18269230769230768 0.203125 0.06009615384615385 0.078125
2 0.2920673076923077 0.23076923076923078 0.06610576923076923 0.09495192307692307
2 0.20192307692307693 0.24278846153846154 0.06129807692307692 0.0829326923076923
2 0.390625 0.24759615384615385 0.06971153846153846 0.09495192307692307
2 0.25 0.026442307692307692 0.04567307692307692 0.046875
5 0.3798076923076923 0.3088942307692308 0.021634615384615384 0.09495192307692307
2 0.4230769230769231 0.31490384615384615 0.0625 0.0985576923076923
2 0.29086538461538464 0.3173076923076923 0.0985576923076923 0.11298076923076923
3 0.39783653846153844 0.4362980769230769 0.036057692307692304 0.11778846153846154
2 0.4411057692307692 0.5733173076923077 0.09495192307692307 0.14903846153846154
3 0.6370192307692307 0.6346153846153846 0.036057692307692304 0.15384615384615385
3 0.20673076923076922 0.06610576923076923 0.02403846153846154 0.07211538461538461
2 0.08533653846153846 0.8052884615384616 0.09014423076923077 0.16947115384615385
5 0.5612980769230769 0.08533653846153846 0.013221153846153846 0.04807692307692308
2 0.12139423076923077 0.9507211538461539 0.125 0.09615384615384616
3 0.26802884615384615 0.1141826923076923 0.02283653846153846 0.08173076923076923