5 0.36778846153846156 0.8377403846153846 0.03245192307692308 0.15865384615384615
5 0.19110576923076922 0.7920673076923077 0.028846153846153848 0.15384615384615385
2 0.08533653846153846 0.7956730769230769 0.09254807692307693 0.15745192307692307
2 0.11899038461538461 0.9507211538461539 0.12980769230769232 0.09615384615384616
2 0.6009615384615384 0.6105769230769231 0.09975961538461539 0.16105769230769232
2 0.43990384615384615 0.5913461538461539 0.09134615384615384 0.14543269230769232
5 0.6790865384615384 0.3641826923076923 0.021634615384615384 0.11538461538461539
5 0.5733173076923077 0.3581730769230769 0.03245192307692308 0.10697115384615384
3 0.9350961538461539 0.3713942307692308 0.07091346153846154 0.12620192307692307
3 0.3557692307692308 0.2980769230769231 0.027644230769230768 0.10697115384615384
2 0.36658653846153844 0.22596153846153846 0.06009615384615385 0.09495192307692307
5 0.6141826923076923 0.19591346153846154 0.019230769230769232 0.078125
5 0.5625 0.09495192307692307 0.014423076923076924 0.046875