5 0.04567307692307692 0.028846153846153848 0.009615384615384616 0.046875
5 0.055288461538461536 0.028846153846153848 0.01201923076923077 0.052884615384615384
5 0.07091346153846154 0.028846153846153848 0.01201923076923077 0.052884615384615384
5 0.06610576923076923 0.35216346153846156 0.021634615384615384 0.09615384615384616
3 0.2403846153846154 0.05048076923076923 0.019230769230769232 0.06971153846153846
5 0.5384615384615384 0.35336538461538464 0.016826923076923076 0.11658653846153846
5 0.8509615384615384 0.3161057692307692 0.018028846153846152 0.109375
5 0.9759615384615384 0.3485576923076923 0.021634615384615384 0.11658653846153846
3 0.6850961538461539 0.41586538461538464 0.06971153846153846 0.11298076923076923
3 0.41947115384615385 0.35336538461538464 0.028846153846153848 0.11298076923076923
5 0.5444711538461539 0.6322115384615384 0.02403846153846154 0.15384615384615385
2 0.11899038461538461 0.9495192307692307 0.125 0.0985576923076923
2 0.08173076923076923 0.8088942307692307 0.08774038461538461 0.17067307692307693