2 0.3329326923076923 0.15504807692307693 0.042067307692307696 0.06610576923076923
2 0.2512019230769231 0.02283653846153846 0.04807692307692308 0.040865384615384616
2 0.30528846153846156 0.25721153846153844 0.06971153846153846 0.11298076923076923
5 0.05889423076923077 0.28966346153846156 0.016826923076923076 0.09254807692307693
5 0.07451923076923077 0.2980769230769231 0.01201923076923077 0.05889423076923077
5 0.7331730769230769 0.3173076923076923 0.016826923076923076 0.10096153846153846
3 0.9387019230769231 0.390625 0.0733173076923077 0.12259615384615384
5 0.08413461538461539 0.41346153846153844 0.013221153846153846 0.09975961538461539
2 0.18870192307692307 0.421875 0.11899038461538461 0.12620192307692307
2 0.08173076923076923 0.8088942307692307 0.08774038461538461 0.171875
2 0.7115384615384616 0.8713942307692307 0.13221153846153846 0.18629807692307693
1 0.5360576923076923 0.9110576923076923 0.23197115384615385 0.17548076923076922
2 0.26802884615384615 0.09495192307692307 0.052884615384615384 0.06850961538461539
2 0.11899038461538461 0.9483173076923077 0.12620192307692307 0.09975961538461539
2 0.24519230769230768 0.13581730769230768 0.056490384615384616 0.09615384615384616
0 0.3858173076923077 0.13822115384615385 0.018028846153846152 0.08173076923076923