2 0.20072115384615385 0.15985576923076922 0.04927884615384615 0.06490384615384616
1 0.2403846153846154 0.3245192307692308 0.125 0.27163461538461536
3 0.3557692307692308 0.2403846153846154 0.021634615384615384 0.09014423076923077
2 0.046875 0.47716346153846156 0.08413461538461539 0.10096153846153846
5 0.07091346153846154 0.40024038461538464 0.02283653846153846 0.07451923076923077
5 0.03245192307692308 0.5612980769230769 0.02403846153846154 0.12379807692307693
2 0.0829326923076923 0.8088942307692307 0.08774038461538461 0.17067307692307693
2 0.11899038461538461 0.9495192307692307 0.125 0.0985576923076923
2 0.4110576923076923 0.9266826923076923 0.10697115384615384 0.14182692307692307
3 0.5829326923076923 0.9302884615384616 0.04326923076923077 0.13701923076923078
2 0.7415865384615384 0.8954326923076923 0.12740384615384615 0.18389423076923078
2 0.6838942307692307 0.7427884615384616 0.11538461538461539 0.19471153846153846
2 0.4987980769230769 0.7235576923076923 0.09975961538461539 0.15865384615384615
2 0.6165865384615384 0.6346153846153846 0.08653846153846154 0.14182692307692307
2 0.5408653846153846 0.5709134615384616 0.08413461538461539 0.13341346153846154
3 0.48197115384615385 0.5901442307692307 0.03485576923076923 0.11057692307692307
3 0.44471153846153844 0.45913461538461536 0.03125 0.12259615384615384
2 0.38221153846153844 0.5072115384615384 0.08173076923076923 0.125
2 0.36778846153846156 0.3894230769230769 0.07211538461538461 0.11057692307692307
2 0.5012019230769231 0.4963942307692308 0.07692307692307693 0.125
3 0.7055288461538461 0.4050480769230769 0.07451923076923077 0.11899038461538461
5 0.6286057692307693 0.203125 0.019230769230769232 0.09615384615384616