2 0.42908653846153844 0.5552884615384616 0.09014423076923077 0.15504807692307693
2 0.40625 0.2776442307692308 0.0625 0.09615384615384616
2 0.22355769230769232 0.19471153846153846 0.05048076923076923 0.08774038461538461
3 0.21514423076923078 0.051682692307692304 0.020432692307692308 0.06971153846153846
5 0.04326923076923077 0.23677884615384615 0.014423076923076924 0.06850961538461539
5 0.06009615384615385 0.23798076923076922 0.018028846153846152 0.08173076923076923
2 0.08173076923076923 0.7908653846153846 0.08413461538461539 0.13701923076923078
3 0.9134615384615384 0.3737980769230769 0.057692307692307696 0.11298076923076923
3 0.9411057692307693 0.41466346153846156 0.07692307692307693 0.11778846153846154
3 0.6766826923076923 0.7932692307692307 0.040865384615384616 0.1814903846153846
0 0.8521634615384616 0.8149038461538461 0.03485576923076923 0.15985576923076922
2 0.11899038461538461 0.9507211538461539 0.12860576923076922 0.09615384615384616