2 0.2704326923076923 0.19110576923076922 0.056490384615384616 0.08052884615384616
3 0.3401442307692308 0.1935096153846154 0.019230769230769232 0.08774038461538461
2 0.3918269230769231 0.25721153846153844 0.06490384615384616 0.09254807692307693
2 0.1935096153846154 0.026442307692307692 0.042067307692307696 0.05048076923076923
5 0.054086538461538464 0.2764423076923077 0.020432692307692308 0.09134615384615384
3 0.22235576923076922 0.29447115384615385 0.02403846153846154 0.10576923076923077
5 0.6514423076923077 0.3269230769230769 0.02403846153846154 0.11298076923076923
2 0.45552884615384615 0.36538461538461536 0.07211538461538461 0.11298076923076923
5 0.14783653846153846 0.3798076923076923 0.018028846153846152 0.0733173076923077
3 0.41346153846153844 0.4326923076923077 0.027644230769230768 0.11538461538461539
2 0.1778846153846154 0.4543269230769231 0.12620192307692307 0.11778846153846154
2 0.5204326923076923 0.4675480769230769 0.08173076923076923 0.12139423076923077
2 0.44471153846153844 0.5865384615384616 0.08653846153846154 0.13581730769230768
2 0.6394230769230769 0.6634615384615384 0.10817307692307693 0.18870192307692307
2 0.08173076923076923 0.8100961538461539 0.08774038461538461 0.16947115384615385
2 0.8028846153846154 0.9026442307692307 0.14543269230769232 0.1935096153846154
2 0.6923076923076923 0.9338942307692307 0.171875 0.12860576923076922
2 0.11899038461538461 0.9495192307692307 0.12620192307692307 0.0985576923076923
1 0.4963942307692308 0.9543269230769231 0.1935096153846154 0.0889423076923077