2 0.11899038461538461 0.9483173076923077 0.125 0.09975961538461539
2 0.08533653846153846 0.8028846153846154 0.09495192307692307 0.16346153846153846
2 0.4098557692307692 0.2776442307692308 0.06850961538461539 0.09735576923076923
2 0.203125 0.25841346153846156 0.06370192307692307 0.09975961538461539
2 0.2668269230769231 0.17067307692307693 0.057692307692307696 0.0829326923076923
2 0.234375 0.09014423076923077 0.05048076923076923 0.078125
2 0.21153846153846154 0.052884615384615384 0.04567307692307692 0.06971153846153846
3 0.9579326923076923 0.4050480769230769 0.07572115384615384 0.11899038461538461
5 0.43149038461538464 0.11538461538461539 0.015625 0.07451923076923077
5 0.5324519230769231 0.12259615384615384 0.016826923076923076 0.08052884615384616
5 0.5637019230769231 0.09735576923076923 0.01201923076923077 0.06850961538461539