2 0.328125 0.14423076923076922 0.05048076923076923 0.078125
2 0.25961538461538464 0.019230769230769232 0.040865384615384616 0.038461538461538464
2 0.3737980769230769 0.234375 0.06370192307692307 0.0889423076923077
5 0.06129807692307692 0.2824519230769231 0.019230769230769232 0.08774038461538461
2 0.19591346153846154 0.030048076923076924 0.055288461538461536 0.06009615384615385
5 0.6057692307692307 0.33413461538461536 0.021634615384615384 0.109375
5 0.6634615384615384 0.35336538461538464 0.019230769230769232 0.09975961538461539
5 0.078125 0.4170673076923077 0.021634615384615384 0.11778846153846154
5 0.49278846153846156 0.04567307692307692 0.014423076923076924 0.06490384615384616
2 0.5108173076923077 0.47596153846153844 0.08774038461538461 0.12860576923076922
1 0.13341346153846154 0.04927884615384615 0.06370192307692307 0.0985576923076923
5 0.7992788461538461 0.5180288461538461 0.02403846153846154 0.125
2 0.6634615384615384 0.7115384615384616 0.11298076923076923 0.15865384615384615
2 0.5408653846153846 0.7608173076923077 0.12860576923076922 0.20432692307692307
2 0.08173076923076923 0.8052884615384616 0.08774038461538461 0.16947115384615385
0 0.9242788461538461 0.9302884615384616 0.04326923076923077 0.13701923076923078
2 0.11899038461538461 0.9483173076923077 0.125 0.10096153846153846
0 0.9807692307692307 0.9627403846153846 0.037259615384615384 0.07211538461538461
2 0.23557692307692307 0.09975961538461539 0.046875 0.07451923076923077