3 0.24879807692307693 0.15144230769230768 0.021634615384615384 0.078125
2 0.3004807692307692 0.24278846153846154 0.07211538461538461 0.11298076923076923
2 0.24759615384615385 0.027644230769230768 0.04567307692307692 0.055288461538461536
5 0.6165865384615384 0.33653846153846156 0.021634615384615384 0.12379807692307693
5 0.5576923076923077 0.37259615384615385 0.014423076923076924 0.10576923076923077
5 0.5817307692307693 0.3786057692307692 0.027644230769230768 0.11778846153846154
3 0.40024038461538464 0.390625 0.03125 0.08052884615384616
2 0.3870192307692308 0.4807692307692308 0.09014423076923077 0.1466346153846154
2 0.53125 0.4987980769230769 0.09615384615384616 0.1310096153846154
2 0.6262019230769231 0.6670673076923077 0.10817307692307693 0.18629807692307693
3 0.5372596153846154 0.6875 0.036057692307692304 0.171875
1 0.8329326923076923 0.8076923076923077 0.3293269230769231 0.3798076923076923
2 0.08653846153846154 0.8100961538461539 0.09134615384615384 0.1778846153846154
5 0.5192307692307693 0.08533653846153846 0.014423076923076924 0.06009615384615385
2 0.5673076923076923 0.8677884615384616 0.11778846153846154 0.1935096153846154
2 0.11778846153846154 0.9483173076923077 0.11899038461538461 0.09975961538461539