5 0.38221153846153844 0.9110576923076923 0.027644230769230768 0.171875
2 0.08413461538461539 0.7980769230769231 0.09615384615384616 0.15144230769230768
2 0.11899038461538461 0.9483173076923077 0.12259615384615384 0.09975961538461539
2 0.3137019230769231 0.3076923076923077 0.06610576923076923 0.11298076923076923
4 0.4567307692307692 0.3317307692307692 0.11298076923076923 0.25240384615384615
2 0.21153846153846154 0.09134615384615384 0.052884615384615384 0.08052884615384616
0 0.75 0.484375 0.057692307692307696 0.11298076923076923
3 0.9411057692307693 0.3858173076923077 0.07932692307692307 0.12259615384615384
3 0.9459134615384616 0.3954326923076923 0.07572115384615384 0.1310096153846154
5 0.5673076923076923 0.10336538461538461 0.014423076923076924 0.078125
5 0.6286057692307693 0.1814903846153846 0.019230769230769232 0.09615384615384616