2 0.08653846153846154 0.7932692307692307 0.0889423076923077 0.15264423076923078
2 0.11778846153846154 0.9483173076923077 0.12139423076923077 0.10096153846153846
0 0.8149038461538461 0.7848557692307693 0.03485576923076923 0.16947115384615385
3 0.4170673076923077 0.46153846153846156 0.03245192307692308 0.13942307692307693
5 0.1814903846153846 0.5793269230769231 0.019230769230769232 0.11778846153846154
5 0.6802884615384616 0.3389423076923077 0.021634615384615384 0.10576923076923077
5 0.6177884615384616 0.3245192307692308 0.02403846153846154 0.1045673076923077
2 0.44591346153846156 0.3629807692307692 0.07211538461538461 0.11057692307692307
1 0.21634615384615385 0.23677884615384615 0.11538461538461539 0.24639423076923078
3 0.3293269230769231 0.2608173076923077 0.021634615384615384 0.10336538461538461
3 0.28725961538461536 0.1045673076923077 0.019230769230769232 0.08653846153846154
3 0.22716346153846154 0.05889423076923077 0.021634615384615384 0.08052884615384616
3 0.19110576923076922 0.09375 0.019230769230769232 0.04567307692307692
3 0.15144230769230768 0.0889423076923077 0.016826923076923076 0.06370192307692307
2 0.24879807692307693 0.1346153846153846 0.04567307692307692 0.078125
5 0.5612980769230769 0.08774038461538461 0.01201923076923077 0.04447115384615385
5 0.6117788461538461 0.18990384615384615 0.013221153846153846 0.07451923076923077