3 0.3942307692307692 0.18990384615384615 0.021634615384615384 0.06971153846153846
3 0.2692307692307692 0.21153846153846154 0.02403846153846154 0.09615384615384616
2 0.19230769230769232 0.02403846153846154 0.05048076923076923 0.046875
2 0.39663461538461536 0.27524038461538464 0.06610576923076923 0.10697115384615384
3 0.9002403846153846 0.3713942307692308 0.07091346153846154 0.11778846153846154
5 0.16346153846153846 0.3798076923076923 0.016826923076923076 0.054086538461538464
2 0.47716346153846156 0.43028846153846156 0.08533653846153846 0.13942307692307693
0 0.6983173076923077 0.4387019230769231 0.06850961538461539 0.11538461538461539
0 0.6838942307692307 0.44591346153846156 0.06610576923076923 0.11658653846153846
5 0.9134615384615384 0.4543269230769231 0.026442307692307692 0.046875
2 0.17067307692307693 0.46634615384615385 0.12980769230769232 0.11778846153846154
5 0.6466346153846154 0.5060096153846154 0.016826923076923076 0.1346153846153846
1 0.3329326923076923 0.5420673076923077 0.17307692307692307 0.37259615384615385
2 0.08413461538461539 0.796875 0.09495192307692307 0.15384615384615385
2 0.23076923076923078 0.08653846153846154 0.052884615384615384 0.07091346153846154
5 0.5649038461538461 0.09014423076923077 0.013221153846153846 0.04447115384615385
2 0.1201923076923077 0.9495192307692307 0.12620192307692307 0.09735576923076923
2 0.1502403846153846 0.13221153846153846 0.052884615384615384 0.07451923076923077