3 0.25841346153846156 0.14302884615384615 0.019230769230769232 0.08052884615384616
2 0.20192307692307693 0.23557692307692307 0.055288461538461536 0.08653846153846154
3 0.28725961538461536 0.2980769230769231 0.026442307692307692 0.1045673076923077
2 0.36899038461538464 0.20793269230769232 0.05889423076923077 0.08413461538461539
3 0.41225961538461536 0.3641826923076923 0.027644230769230768 0.11057692307692307
2 0.38341346153846156 0.4543269230769231 0.07451923076923077 0.11538461538461539
2 0.5180288461538461 0.4795673076923077 0.08413461538461539 0.12259615384615384
3 0.9338942307692307 0.38100961538461536 0.07451923076923077 0.12259615384615384
5 0.6213942307692307 0.3581730769230769 0.021634615384615384 0.11778846153846154
5 0.625 0.1814903846153846 0.013221153846153846 0.08052884615384616
5 0.5865384615384616 0.13581730769230768 0.01201923076923077 0.07932692307692307
2 0.7463942307692307 0.8762019230769231 0.1346153846153846 0.17668269230769232
2 0.11899038461538461 0.9483173076923077 0.125 0.09975961538461539
2 0.08173076923076923 0.8076923076923077 0.08774038461538461 0.17067307692307693