5 0.6382211538461539 0.23557692307692307 0.018028846153846152 0.09254807692307693
2 0.16346153846153846 0.025240384615384616 0.038461538461538464 0.05048076923076923
5 0.039663461538461536 0.2704326923076923 0.01201923076923077 0.08052884615384616
5 0.5697115384615384 0.3233173076923077 0.013221153846153846 0.09495192307692307
5 0.6033653846153846 0.33413461538461536 0.020432692307692308 0.11298076923076923
3 0.06129807692307692 0.39903846153846156 0.04326923076923077 0.07932692307692307
5 0.9627403846153846 0.40865384615384615 0.021634615384615384 0.11658653846153846
2 0.4483173076923077 0.5661057692307693 0.09495192307692307 0.17668269230769232
5 0.9771634615384616 0.7992788461538461 0.040865384615384616 0.1658653846153846
2 0.08173076923076923 0.8052884615384616 0.08774038461538461 0.17067307692307693
2 0.11899038461538461 0.9483173076923077 0.12620192307692307 0.10096153846153846
4 0.3245192307692308 0.12620192307692307 0.07932692307692307 0.12259615384615384