3 0.1201923076923077 0.14423076923076922 0.02403846153846154 0.078125
5 0.06610576923076923 0.3293269230769231 0.020432692307692308 0.09254807692307693
2 0.2127403846153846 0.15384615384615385 0.05048076923076923 0.0829326923076923
2 0.20673076923076922 0.06370192307692307 0.04326923076923077 0.07091346153846154
2 0.28125 0.05889423076923077 0.04567307692307692 0.06490384615384616
2 0.28966346153846156 0.23918269230769232 0.056490384615384616 0.0889423076923077
2 0.3954326923076923 0.2704326923076923 0.06610576923076923 0.09975961538461539
5 0.4807692307692308 0.109375 0.014423076923076924 0.06370192307692307
0 0.5973557692307693 0.39903846153846156 0.055288461538461536 0.10817307692307693
3 0.9170673076923077 0.4182692307692308 0.06490384615384616 0.11778846153846154
2 0.11899038461538461 0.9483173076923077 0.12620192307692307 0.0985576923076923
2 0.08173076923076923 0.8064903846153846 0.08774038461538461 0.16947115384615385
5 0.19471153846153846 0.9302884615384616 0.025240384615384616 0.13581730769230768