2 0.30528846153846156 0.1045673076923077 0.057692307692307696 0.0889423076923077
2 0.22115384615384615 0.2956730769230769 0.06129807692307692 0.09495192307692307
3 0.22716346153846154 0.35096153846153844 0.02403846153846154 0.11658653846153846
2 0.265625 0.3942307692307692 0.06971153846153846 0.1141826923076923
2 0.4639423076923077 0.6430288461538461 0.09495192307692307 0.1502403846153846
2 0.5588942307692307 0.546875 0.09254807692307693 0.13942307692307693
2 0.49158653846153844 0.43509615384615385 0.07692307692307693 0.11057692307692307
2 0.08173076923076923 0.8076923076923077 0.08774038461538461 0.17067307692307693
2 0.11899038461538461 0.9483173076923077 0.12620192307692307 0.09975961538461539
2 0.7560096153846154 0.9050480769230769 0.1201923076923077 0.18509615384615385
2 0.5961538461538461 0.9435096153846154 0.12139423076923077 0.109375
5 0.7139423076923077 0.3088942307692308 0.016826923076923076 0.10096153846153846
5 0.7391826923076923 0.3076923076923077 0.018028846153846152 0.1045673076923077
5 0.8557692307692307 0.5180288461538461 0.021634615384615384 0.125