2 0.3713942307692308 0.21995192307692307 0.06610576923076923 0.09134615384615384
5 0.6177884615384616 0.31971153846153844 0.019230769230769232 0.11778846153846154
3 0.9399038461538461 0.3894230769230769 0.07572115384615384 0.11658653846153846
5 0.06490384615384616 0.4050480769230769 0.028846153846153848 0.09134615384615384
2 0.49399038461538464 0.4483173076923077 0.0829326923076923 0.13942307692307693
5 0.040865384615384616 0.4699519230769231 0.02403846153846154 0.10576923076923077
5 0.0673076923076923 0.47475961538461536 0.02403846153846154 0.09975961538461539
0 0.7439903846153846 0.47836538461538464 0.056490384615384616 0.12259615384615384
2 0.5901442307692307 0.6141826923076923 0.1141826923076923 0.17668269230769232
2 0.0829326923076923 0.7956730769230769 0.09375 0.1658653846153846
1 0.15384615384615385 0.08173076923076923 0.06971153846153846 0.16105769230769232
2 0.11899038461538461 0.9519230769230769 0.12860576923076922 0.09495192307692307