5 0.06610576923076923 0.37740384615384615 0.019230769230769232 0.10576923076923077
5 0.08413461538461539 0.390625 0.009615384615384616 0.06850961538461539
5 0.17668269230769232 0.4050480769230769 0.016826923076923076 0.09735576923076923
2 0.22235576923076922 0.2824519230769231 0.055288461538461536 0.0985576923076923
2 0.2932692307692308 0.2247596153846154 0.056490384615384616 0.08413461538461539
2 0.32572115384615385 0.31490384615384615 0.06850961538461539 0.1045673076923077
2 0.41947115384615385 0.31850961538461536 0.06610576923076923 0.09735576923076923
5 0.5384615384615384 0.31850961538461536 0.025240384615384616 0.109375
5 0.6454326923076923 0.20432692307692307 0.016826923076923076 0.08774038461538461
3 0.6983173076923077 0.39663461538461536 0.06850961538461539 0.11298076923076923
3 0.78125 0.40625 0.07572115384615384 0.11538461538461539
2 0.08173076923076923 0.8100961538461539 0.08774038461538461 0.16947115384615385
2 0.11899038461538461 0.9483173076923077 0.12620192307692307 0.09975961538461539
2 0.7295673076923077 0.8858173076923077 0.1201923076923077 0.18509615384615385
2 0.6526442307692307 0.75 0.11538461538461539 0.16105769230769232
0 0.7271634615384616 0.671875 0.03125 0.1622596153846154