2 0.20192307692307693 0.04326923076923077 0.04326923076923077 0.06370192307692307
3 0.2536057692307692 0.04807692307692308 0.016826923076923076 0.07211538461538461
0 0.3269230769230769 0.04326923076923077 0.014423076923076924 0.06971153846153846
1 0.2403846153846154 0.3125 0.12860576923076922 0.2692307692307692
1 0.4483173076923077 0.8293269230769231 0.2283653846153846 0.33774038461538464
2 0.11899038461538461 0.9483173076923077 0.12620192307692307 0.10096153846153846
2 0.08173076923076923 0.8076923076923077 0.08774038461538461 0.17067307692307693
5 0.0625 0.1875 0.015625 0.07211538461538461
5 0.039663461538461536 0.09014423076923077 0.009615384615384616 0.051682692307692304
5 0.08413461538461539 0.2848557692307692 0.013221153846153846 0.09615384615384616
3 0.9158653846153846 0.4182692307692308 0.06370192307692307 0.11778846153846154