2 0.08173076923076923 0.796875 0.08413461538461539 0.15384615384615385
2 0.1201923076923077 0.9507211538461539 0.12139423076923077 0.09615384615384616
3 0.8064903846153846 0.9314903846153846 0.051682692307692304 0.13341346153846154
3 0.49399038461538464 0.7680288461538461 0.04326923076923077 0.16706730769230768
3 0.5360576923076923 0.6057692307692307 0.03485576923076923 0.15985576923076922
3 0.3233173076923077 0.3605769230769231 0.02403846153846154 0.10697115384615384
2 0.49759615384615385 0.4411057692307692 0.08774038461538461 0.12379807692307693
2 0.33533653846153844 0.3016826923076923 0.06850961538461539 0.10697115384615384
3 0.9423076923076923 0.40024038461538464 0.08052884615384616 0.1310096153846154
0 0.75 0.484375 0.06610576923076923 0.11538461538461539
5 0.06971153846153846 0.3016826923076923 0.016826923076923076 0.09134615384615384
2 0.25 0.019230769230769232 0.040865384615384616 0.03485576923076923