2 0.6225961538461539 0.6814903846153846 0.10817307692307693 0.171875
2 0.47836538461538464 0.6586538461538461 0.09975961538461539 0.1658653846153846
2 0.39302884615384615 0.4735576923076923 0.08413461538461539 0.1310096153846154
2 0.08653846153846154 0.8040865384615384 0.09254807692307693 0.16105769230769232
2 0.11778846153846154 0.9459134615384616 0.12259615384615384 0.10576923076923077
2 0.3858173076923077 0.23197115384615385 0.0673076923076923 0.0829326923076923
2 0.234375 0.140625 0.054086538461538464 0.07451923076923077
2 0.18870192307692307 0.20673076923076922 0.051682692307692304 0.08413461538461539
2 0.22596153846153846 0.07932692307692307 0.04567307692307692 0.0733173076923077
3 0.2932692307692308 0.0625 0.016826923076923076 0.07211538461538461
2 0.15625 0.10336538461538461 0.05048076923076923 0.06850961538461539
5 0.6177884615384616 0.3245192307692308 0.02403846153846154 0.11298076923076923
5 0.8016826923076923 0.4074519230769231 0.027644230769230768 0.1141826923076923
5 0.8305288461538461 0.40024038461538464 0.025240384615384616 0.1141826923076923
5 0.5661057692307693 0.0889423076923077 0.013221153846153846 0.038461538461538464