3 0.2548076923076923 0.027644230769230768 0.019230769230769232 0.054086538461538464
3 0.33533653846153844 0.3076923076923077 0.028846153846153848 0.11538461538461539
2 0.484375 0.4254807692307692 0.08173076923076923 0.12379807692307693
0 0.7007211538461539 0.4387019230769231 0.0673076923076923 0.11538461538461539
0 0.6838942307692307 0.44711538461538464 0.0673076923076923 0.11658653846153846
2 0.21514423076923078 0.052884615384615384 0.038461538461538464 0.06850961538461539
3 0.4230769230769231 0.5637019230769231 0.038461538461538464 0.14423076923076922
2 0.6105769230769231 0.6730769230769231 0.10817307692307693 0.1658653846153846
2 0.0829326923076923 0.796875 0.09254807692307693 0.15504807692307693
5 0.5649038461538461 0.08533653846153846 0.010817307692307692 0.04807692307692308
3 0.7439903846153846 0.8834134615384616 0.055288461538461536 0.19951923076923078
2 0.125 0.9471153846153846 0.13221153846153846 0.10336538461538461
1 0.17067307692307693 0.109375 0.09254807692307693 0.20432692307692307