5 0.806640625 0.7701388888888889 0.04296875 0.10833333333333334
5 0.755859375 0.5631944444444444 0.03203125 0.08472222222222223
5 0.6171875 0.5159722222222223 0.03046875 0.07083333333333333
5 0.681640625 0.8902777777777777 0.04375 0.1
5 0.6140625 0.7708333333333334 0.0390625 0.09166666666666666
5 0.61875 0.4173611111111111 0.01953125 0.044444444444444446
5 0.585546875 0.4 0.0171875 0.04027777777777778
5 0.51875 0.3375 0.01171875 0.034722222222222224
5 0.48203125 0.3013888888888889 0.01015625 0.02361111111111111
5 0.478125 0.3840277777777778 0.01484375 0.027777777777777776
5 0.457421875 0.3993055555555556 0.015625 0.027777777777777776
5 0.466015625 0.49375 0.01953125 0.04583333333333333
5 0.44140625 0.48541666666666666 0.01953125 0.043055555555555555
5 0.419921875 0.46319444444444446 0.02421875 0.04861111111111111
5 0.4078125 0.35138888888888886 0.01328125 0.022222222222222223
5 0.3859375 0.35833333333333334 0.01171875 0.02361111111111111
5 0.40546875 0.38680555555555557 0.0109375 0.02361111111111111
5 0.381640625 0.4083333333333333 0.01484375 0.030555555555555555
5 0.5296875 0.91875 0.053125 0.11944444444444445
5 0.459375 0.8729166666666667 0.04453125 0.07916666666666666
3 0.621875 0.8479166666666667 0.05078125 0.1388888888888889
3 0.46796875 0.9465277777777777 0.053125 0.10694444444444444
3 0.46875 0.5368055555555555 0.02578125 0.0625
3 0.44375 0.5236111111111111 0.025 0.059722222222222225
3 0.423046875 0.4965277777777778 0.025 0.06805555555555555
3 0.38359375 0.4340277777777778 0.01875 0.04583333333333333
3 0.40625 0.4083333333333333 0.015625 0.0375
3 0.4578125 0.4215277777777778 0.01875 0.04861111111111111
3 0.478125 0.4076388888888889 0.02109375 0.04861111111111111
3 0.4109375 0.37083333333333335 0.01484375 0.03611111111111111
3 0.3859375 0.37777777777777777 0.01484375 0.034722222222222224
3 0.434375 0.3 0.009375 0.025
2 0.42109375 0.28958333333333336 0.01953125 0.03888888888888889
5 0.15390625 0.5986111111111111 0.02265625 0.04583333333333333
5 0.151171875 0.6430555555555556 0.02265625 0.0625