5 0.814453125 0.7409722222222223 0.0453125 0.1111111111111111
5 0.757421875 0.5388888888888889 0.034375 0.0875
5 0.617578125 0.5048611111111111 0.0328125 0.07222222222222222
5 0.69296875 0.8729166666666667 0.04609375 0.10277777777777777
5 0.621875 0.7597222222222222 0.04140625 0.09444444444444444
5 0.61640625 0.40625 0.02109375 0.04583333333333333
5 0.5828125 0.3923611111111111 0.01875 0.041666666666666664
5 0.5140625 0.33611111111111114 0.0125 0.03611111111111111
5 0.476171875 0.3034722222222222 0.0109375 0.02361111111111111
5 0.475 0.3861111111111111 0.015625 0.029166666666666667
5 0.454296875 0.4027777777777778 0.01640625 0.027777777777777776
5 0.465625 0.49722222222222223 0.0203125 0.04722222222222222
5 0.441015625 0.4909722222222222 0.0203125 0.044444444444444446
5 0.41875 0.4701388888888889 0.02578125 0.05
5 0.403515625 0.3597222222222222 0.01328125 0.02361111111111111
5 0.381640625 0.36944444444444446 0.0125 0.025
5 0.40234375 0.3958333333333333 0.0109375 0.02361111111111111
5 0.379296875 0.41944444444444445 0.015625 0.03194444444444444
5 0.5421875 0.9152777777777777 0.05625 0.12222222222222222
5 0.4703125 0.8763888888888889 0.04609375 0.08194444444444444
3 0.63203125 0.8361111111111111 0.0546875 0.14305555555555555
3 0.48125 0.9472222222222222 0.05625 0.10555555555555556
3 0.469921875 0.5395833333333333 0.02734375 0.06388888888888888
3 0.44453125 0.5284722222222222 0.0265625 0.06111111111111111
3 0.423046875 0.5041666666666667 0.0265625 0.06944444444444445
3 0.38203125 0.44513888888888886 0.0203125 0.04722222222222222
3 0.40390625 0.4173611111111111 0.0171875 0.03888888888888889
3 0.45546875 0.42569444444444443 0.01953125 0.05
3 0.475390625 0.4097222222222222 0.02265625 0.05
3 0.40703125 0.37916666666666665 0.01640625 0.0375
3 0.3828125 0.3888888888888889 0.015625 0.03611111111111111
3 0.428515625 0.30625 0.01015625 0.025
2 0.41484375 0.2972222222222222 0.02109375 0.041666666666666664
5 0.157421875 0.6305555555555555 0.0234375 0.04861111111111111
5 0.155859375 0.6756944444444445 0.025 0.06388888888888888