2 0.275 0.6861111111111111 0.1671875 0.2263888888888889
2 0.435546875 0.36875 0.078125 0.1111111111111111
5 0.123828125 0.6409722222222223 0.0515625 0.1111111111111111
2 0.601171875 0.43472222222222223 0.0734375 0.15416666666666667
5 0.494921875 0.25972222222222224 0.01953125 0.04583333333333333
5 0.358984375 0.6868055555555556 0.04296875 0.09722222222222222
5 0.358203125 0.8770833333333333 0.04609375 0.10138888888888889
5 0.453125 0.7381944444444445 0.04609375 0.09027777777777778
5 0.455859375 0.6354166666666666 0.0359375 0.08055555555555556
5 0.49140625 0.5152777777777777 0.03359375 0.06111111111111111
5 0.691796875 0.7409722222222223 0.0453125 0.09166666666666666
5 0.72109375 0.8347222222222223 0.0484375 0.08888888888888889
5 0.657421875 0.40208333333333335 0.028125 0.05555555555555555
5 0.666015625 0.24722222222222223 0.015625 0.030555555555555555
5 0.560546875 0.2722222222222222 0.015625 0.03194444444444444
5 0.569140625 0.24722222222222223 0.0109375 0.03194444444444444
5 0.573046875 0.25625 0.0125 0.030555555555555555
5 0.522265625 0.21388888888888888 0.01328125 0.03194444444444444
5 0.5578125 0.21666666666666667 0.01640625 0.030555555555555555
5 0.58671875 0.17083333333333334 0.01328125 0.029166666666666667
5 0.594921875 0.15486111111111112 0.01015625 0.02361111111111111
5 0.557421875 0.175 0.01171875 0.02361111111111111
5 0.56875 0.1625 0.01171875 0.022222222222222223
3 0.35 0.7805555555555556 0.053125 0.12777777777777777
3 0.35390625 0.9409722222222222 0.05625 0.11805555555555555
3 0.4453125 0.8236111111111111 0.0578125 0.1486111111111111
3 0.448828125 0.6923611111111111 0.05390625 0.11527777777777778
3 0.473828125 0.63125 0.034375 0.1125
3 0.684765625 0.8263888888888888 0.05390625 0.1597222222222222
3 0.76171875 0.6881944444444444 0.04921875 0.125
3 0.63515625 0.6611111111111111 0.0484375 0.13333333333333333
3 0.658203125 0.4444444444444444 0.0328125 0.07222222222222222
3 0.558984375 0.30069444444444443 0.02109375 0.05416666666666667
3 0.66640625 0.27152777777777776 0.01875 0.044444444444444446
2 0.607421875 0.24305555555555555 0.03984375 0.05694444444444444
2 0.605859375 0.2951388888888889 0.0515625 0.09305555555555556
2 0.587109375 0.35347222222222224 0.06796875 0.12361111111111112
2 0.5734375 0.5479166666666667 0.090625 0.19166666666666668
2 0.56328125 0.7902777777777777 0.14609375 0.36527777777777776