2 0.701953125 0.7520833333333333 0.15625 0.21944444444444444
2 0.460546875 0.5805555555555556 0.09375 0.1527777777777778
2 0.549609375 0.4895833333333333 0.07578125 0.10972222222222222
2 0.4546875 0.35694444444444445 0.04921875 0.07222222222222222
2 0.425 0.4736111111111111 0.06953125 0.10138888888888889
2 0.3953125 0.36527777777777776 0.0390625 0.07361111111111111
2 0.38984375 0.41944444444444445 0.04140625 0.08472222222222223
2 0.33515625 0.3472222222222222 0.02890625 0.0375
2 0.37578125 0.325 0.02578125 0.058333333333333334
2 0.3375 0.4048611111111111 0.040625 0.09166666666666666
3 0.599609375 0.8763888888888889 0.04140625 0.0875
3 0.49375 0.9444444444444444 0.03828125 0.10416666666666667
3 0.43828125 0.9256944444444445 0.0453125 0.12083333333333333
3 0.3875 0.9472222222222222 0.0484375 0.10555555555555556
3 0.3390625 0.96875 0.0390625 0.0625
3 0.465625 0.8284722222222223 0.03671875 0.07777777777777778
3 0.37734375 0.84375 0.040625 0.09305555555555556
3 0.3375 0.8972222222222223 0.046875 0.10138888888888889
3 0.409375 0.7930555555555555 0.03671875 0.09583333333333334
3 0.39765625 0.6020833333333333 0.03671875 0.08888888888888889
3 0.375390625 0.5388888888888889 0.02578125 0.06388888888888888
3 0.34296875 0.5930555555555556 0.03125 0.05138888888888889
3 0.283203125 0.5118055555555555 0.01875 0.05694444444444444
3 0.256640625 0.5506944444444445 0.0203125 0.04861111111111111
3 0.24140625 0.5013888888888889 0.0203125 0.05277777777777778
3 0.235546875 0.46458333333333335 0.0171875 0.05277777777777778
3 0.441796875 0.41875 0.01796875 0.04027777777777778
3 0.423828125 0.4076388888888889 0.01796875 0.041666666666666664
3 0.31484375 0.35833333333333334 0.01171875 0.030555555555555555
5 0.314453125 0.34375 0.0125 0.02361111111111111
5 0.42265625 0.37569444444444444 0.01796875 0.03888888888888889
5 0.441015625 0.39305555555555555 0.01953125 0.03888888888888889
5 0.281640625 0.4777777777777778 0.021875 0.03888888888888889
5 0.2421875 0.43472222222222223 0.01796875 0.03611111111111111
5 0.24375 0.4756944444444444 0.01796875 0.034722222222222224
5 0.2625 0.5173611111111112 0.0234375 0.04861111111111111
5 0.37109375 0.5034722222222222 0.0296875 0.05416666666666667
5 0.392578125 0.5618055555555556 0.0265625 0.05138888888888889
5 0.340625 0.5701388888888889 0.02890625 0.06388888888888888
5 0.428515625 0.6423611111111112 0.02734375 0.05277777777777778
5 0.391015625 0.6569444444444444 0.021875 0.043055555555555555
5 0.444140625 0.7180555555555556 0.0328125 0.07777777777777778
5 0.406640625 0.7375 0.03359375 0.08194444444444444
5 0.45546875 0.7868055555555555 0.03984375 0.09027777777777778
5 0.372265625 0.8013888888888889 0.03828125 0.08611111111111111
5 0.334765625 0.8298611111111112 0.04140625 0.09027777777777778
5 0.32734375 0.9319444444444445 0.0484375 0.10694444444444444
5 0.38203125 0.8979166666666667 0.04609375 0.10555555555555556
5 0.43203125 0.8534722222222222 0.040625 0.09305555555555556
5 0.48359375 0.8743055555555556 0.05 0.09861111111111111
5 0.533984375 0.9430555555555555 0.05 0.1125
5 0.46796875 0.9520833333333333 0.0453125 0.09583333333333334
5 0.5953125 0.8097222222222222 0.05390625 0.09722222222222222
5 0.626171875 0.9055555555555556 0.05390625 0.13194444444444445
5 0.65625 0.48055555555555557 0.02734375 0.06388888888888888
5 0.628125 0.4409722222222222 0.028125 0.059722222222222225
5 0.94296875 0.8069444444444445 0.05703125 0.12361111111111112
2 0.51640625 0.7402777777777778 0.11640625 0.24305555555555555
6 0.2921875 0.5868055555555556 0.05859375 0.10277777777777777