2 0.36796875 0.2548611111111111 0.03359375 0.06666666666666667
2 0.357421875 0.17430555555555555 0.02265625 0.043055555555555555
5 0.55546875 0.7625 0.0546875 0.16527777777777777
2 0.371484375 0.33055555555555555 0.046875 0.10833333333333334
5 0.2609375 0.4486111111111111 0.02421875 0.08194444444444444
5 0.65 0.6694444444444444 0.0453125 0.10277777777777777
5 0.60390625 0.5875 0.040625 0.0763888888888889
5 0.6796875 0.37083333333333335 0.0296875 0.06388888888888888
5 0.53125 0.3541666666666667 0.02890625 0.05555555555555555
5 0.430078125 0.28194444444444444 0.01640625 0.030555555555555555
5 0.4171875 0.2701388888888889 0.01640625 0.034722222222222224
2 0.514453125 0.31875 0.06015625 0.09583333333333334
5 0.30234375 0.21944444444444444 0.015625 0.03194444444444444
5 0.492578125 0.4861111111111111 0.02578125 0.0625
5 0.548828125 0.63125 0.034375 0.07361111111111111
5 0.341796875 0.7354166666666667 0.04609375 0.08194444444444444
5 0.358984375 0.9083333333333333 0.05234375 0.10833333333333334
5 0.29765625 0.8770833333333333 0.05234375 0.10972222222222222
2 0.45390625 0.8 0.15234375 0.375
2 0.430859375 0.5576388888888889 0.08984375 0.18611111111111112
3 0.430859375 0.3125 0.02265625 0.05694444444444444
3 0.41875 0.2965277777777778 0.01953125 0.05694444444444444
3 0.528125 0.625 0.03671875 0.10277777777777777
3 0.60703125 0.6458333333333334 0.03828125 0.10833333333333334
3 0.657421875 0.7465277777777778 0.0453125 0.11666666666666667
3 0.56015625 0.7972222222222223 0.0578125 0.14444444444444443
3 0.349609375 0.7791666666666667 0.05234375 0.11666666666666667
3 0.373828125 0.6888888888888889 0.04609375 0.12777777777777777
3 0.360546875 0.9618055555555556 0.06484375 0.0763888888888889
5 0.28359375 0.49930555555555556 0.025 0.05