5 0.95 0.6111111111111112 0.0546875 0.12222222222222222
5 0.598046875 0.5715277777777777 0.0359375 0.08194444444444444
2 0.35625 0.30277777777777776 0.021875 0.02638888888888889
5 0.855078125 0.7020833333333333 0.05546875 0.11527777777777778
5 0.78203125 0.7458333333333333 0.05234375 0.11666666666666667
5 0.681640625 0.7118055555555556 0.05390625 0.1125
5 0.614453125 0.45902777777777776 0.03203125 0.08333333333333333
5 0.58203125 0.3888888888888889 0.025 0.05694444444444444
5 0.553125 0.38055555555555554 0.02109375 0.04722222222222222
5 0.52890625 0.3611111111111111 0.02109375 0.04861111111111111
5 0.487890625 0.3875 0.0171875 0.04027777777777778
5 0.45078125 0.38055555555555554 0.01875 0.043055555555555555
5 0.474609375 0.36666666666666664 0.01953125 0.03888888888888889
5 0.492578125 0.3347222222222222 0.01796875 0.03888888888888889
5 0.496875 0.3625 0.01640625 0.03888888888888889
5 0.463671875 0.3333333333333333 0.01640625 0.0375
5 0.47734375 0.34375 0.01640625 0.0375
5 0.450390625 0.32083333333333336 0.0171875 0.03333333333333333
5 0.433984375 0.3375 0.01328125 0.03194444444444444
5 0.648046875 0.8958333333333334 0.0484375 0.13194444444444445
5 0.60078125 0.9090277777777778 0.04921875 0.12222222222222222
5 0.548046875 0.9388888888888889 0.05390625 0.11666666666666667
5 0.494921875 0.8770833333333333 0.04921875 0.10694444444444444
5 0.483984375 0.9631944444444445 0.04296875 0.07361111111111111
5 0.440625 0.8493055555555555 0.04609375 0.1
5 0.394921875 0.90625 0.05078125 0.10555555555555556
5 0.341796875 0.9458333333333333 0.04921875 0.10833333333333334
5 0.46328125 0.7875 0.040625 0.09444444444444444
5 0.447265625 0.7243055555555555 0.0359375 0.07777777777777778
5 0.41171875 0.7381944444444445 0.04140625 0.075
5 0.378515625 0.8104166666666667 0.04296875 0.08888888888888889
5 0.341796875 0.8548611111111111 0.04375 0.09583333333333334
5 0.285546875 0.8840277777777777 0.05 0.09861111111111111
5 0.234765625 0.8819444444444444 0.046875 0.1
5 0.413671875 0.6173611111111111 0.03046875 0.059722222222222225
5 0.429296875 0.65 0.02890625 0.06388888888888888
5 0.37578125 0.6 0.02734375 0.06111111111111111
5 0.34296875 0.6020833333333333 0.03125 0.07222222222222222
5 0.31640625 0.5506944444444445 0.02421875 0.05416666666666667
5 0.264453125 0.6069444444444444 0.02578125 0.05555555555555555
5 0.271484375 0.5451388888888888 0.02265625 0.04583333333333333
5 0.440234375 0.45555555555555555 0.0203125 0.044444444444444446
5 0.428515625 0.43333333333333335 0.0171875 0.03888888888888889
5 0.421484375 0.41041666666666665 0.01796875 0.034722222222222224
5 0.39296875 0.4625 0.02109375 0.05
5 0.355859375 0.4236111111111111 0.0203125 0.0375
5 0.333203125 0.4361111111111111 0.01640625 0.034722222222222224
5 0.31328125 0.4083333333333333 0.01328125 0.027777777777777776
5 0.308984375 0.37569444444444444 0.0109375 0.02361111111111111
5 0.284375 0.4152777777777778 0.01484375 0.02638888888888889
5 0.298828125 0.3923611111111111 0.01015625 0.02638888888888889
5 0.23203125 0.40902777777777777 0.0140625 0.027777777777777776
5 0.281640625 0.46319444444444446 0.01640625 0.034722222222222224
5 0.29609375 0.43819444444444444 0.015625 0.034722222222222224
5 0.308203125 0.45555555555555555 0.01328125 0.03333333333333333
5 0.275 0.5034722222222222 0.0171875 0.03611111111111111
5 0.30390625 0.5354166666666667 0.01875 0.03888888888888889
2 0.554296875 0.7861111111111111 0.14375 0.28055555555555556
2 0.49375 0.6423611111111112 0.121875 0.22083333333333333
2 0.434375 0.51875 0.07109375 0.14166666666666666
2 0.359765625 0.5423611111111111 0.0703125 0.15
2 0.342578125 0.46944444444444444 0.05859375 0.09305555555555556
2 0.390234375 0.42777777777777776 0.0546875 0.10694444444444444
2 0.396484375 0.375 0.03828125 0.06805555555555555
2 0.419921875 0.3298611111111111 0.03515625 0.06388888888888888
2 0.547265625 0.47847222222222224 0.09375 0.14305555555555555
2 0.715234375 0.5826388888888889 0.1421875 0.22083333333333333
2 0.34453125 0.37777777777777777 0.0390625 0.075
2 0.325 0.35138888888888886 0.0296875 0.06527777777777778
2 0.378125 0.3548611111111111 0.0328125 0.07222222222222222
2 0.35625 0.3416666666666667 0.02890625 0.06111111111111111
3 0.229296875 0.43333333333333335 0.01640625 0.04583333333333333
3 0.31640625 0.4270833333333333 0.01875 0.041666666666666664
3 0.310546875 0.38958333333333334 0.0125 0.027777777777777776
3 0.397265625 0.49722222222222223 0.021875 0.06388888888888888
3 0.3234375 0.6 0.0234375 0.07083333333333333
3 0.282421875 0.5402777777777777 0.0171875 0.04722222222222222
3 0.27109375 0.575 0.02265625 0.041666666666666664
3 0.5078125 0.9472222222222222 0.046875 0.10555555555555556
3 0.450390625 0.9236111111111112 0.05234375 0.11944444444444445
3 0.47265625 0.8451388888888889 0.03984375 0.08333333333333333
3 0.419921875 0.8083333333333333 0.04375 0.09861111111111111
3 0.386328125 0.8631944444444445 0.0390625 0.0763888888888889
3 0.401171875 0.9569444444444445 0.05078125 0.08611111111111111
3 0.35234375 0.9229166666666667 0.04765625 0.1111111111111111
3 0.3484375 0.9777777777777777 0.053125 0.044444444444444446
3 0.294921875 0.9513888888888888 0.04609375 0.09722222222222222
3 0.240625 0.9465277777777777 0.053125 0.10694444444444444
3 0.289453125 0.85625 0.04609375 0.09722222222222222
3 0.03984375 0.775 0.0296875 0.06944444444444445
5 0.116015625 0.7375 0.03515625 0.06388888888888888
5 0.0421875 0.7319444444444444 0.028125 0.05138888888888889
3 0.283203125 0.4875 0.01875 0.0375
3 0.296484375 0.46319444444444446 0.01640625 0.034722222222222224
3 0.283984375 0.44375 0.01328125 0.03194444444444444