2 0.492578125 0.3090277777777778 0.0578125 0.08194444444444444
2 0.655078125 0.2826388888888889 0.04765625 0.09166666666666666
4 0.278515625 0.73125 0.19921875 0.2972222222222222
2 0.596875 0.4083333333333333 0.07421875 0.13194444444444445
5 0.320703125 0.4597222222222222 0.028125 0.07222222222222222
5 0.19921875 0.9604166666666667 0.0671875 0.07916666666666666
5 0.376171875 0.39791666666666664 0.0265625 0.0625
5 0.38671875 0.425 0.025 0.06666666666666667
5 0.43828125 0.43680555555555556 0.034375 0.06527777777777778
5 0.363671875 0.7173611111111111 0.04296875 0.08333333333333333
5 0.38515625 0.85 0.04609375 0.10277777777777777
5 0.45859375 0.7381944444444445 0.0453125 0.09861111111111111
5 0.457421875 0.6381944444444444 0.0359375 0.07777777777777778
5 0.493359375 0.5131944444444444 0.0328125 0.07083333333333333
5 0.665625 0.4013888888888889 0.02734375 0.058333333333333334
5 0.6484375 0.4388888888888889 0.03046875 0.05694444444444444
5 0.68359375 0.7618055555555555 0.03984375 0.09861111111111111
5 0.729296875 0.8333333333333334 0.05078125 0.1
2 0.573046875 0.7805555555555556 0.16015625 0.37916666666666665
2 0.576171875 0.5375 0.0921875 0.1986111111111111
2 0.600390625 0.2881944444444444 0.0484375 0.09861111111111111
2 0.58515625 0.34305555555555556 0.0671875 0.13194444444444445
2 0.650390625 0.22291666666666668 0.04140625 0.07222222222222222
2 0.55546875 0.19791666666666666 0.03828125 0.06527777777777778
2 0.578125 0.1736111111111111 0.0296875 0.05277777777777778
2 0.5921875 0.13402777777777777 0.02109375 0.03611111111111111
2 0.62734375 0.15625 0.0296875 0.05138888888888889
5 0.403515625 0.3576388888888889 0.0234375 0.05138888888888889
5 0.41953125 0.3784722222222222 0.028125 0.05555555555555555
5 0.4125 0.32569444444444445 0.0203125 0.04722222222222222
5 0.441015625 0.3236111111111111 0.025 0.05
5 0.44765625 0.28125 0.01796875 0.03888888888888889
5 0.494921875 0.23819444444444443 0.01953125 0.034722222222222224
5 0.520703125 0.1986111111111111 0.015625 0.027777777777777776
5 0.537890625 0.21180555555555555 0.015625 0.030555555555555555
5 0.553125 0.26666666666666666 0.01875 0.03611111111111111
5 0.563671875 0.24166666666666667 0.0140625 0.03194444444444444
5 0.60859375 0.1951388888888889 0.01484375 0.02638888888888889
5 0.67890625 0.2125 0.0140625 0.027777777777777776
5 0.688671875 0.25277777777777777 0.01640625 0.03194444444444444
5 0.766015625 0.24583333333333332 0.01796875 0.03611111111111111
5 0.696484375 0.22152777777777777 0.01796875 0.03194444444444444
3 0.360546875 0.79375 0.0546875 0.12777777777777777
3 0.388671875 0.9305555555555556 0.06640625 0.1388888888888889
3 0.4546875 0.8298611111111112 0.06171875 0.1638888888888889
3 0.454296875 0.6972222222222222 0.0515625 0.11388888888888889
3 0.48125 0.6326388888888889 0.04765625 0.12777777777777777
3 0.64140625 0.65625 0.05234375 0.1375
3 0.699609375 0.6534722222222222 0.046875 0.12083333333333333
3 0.688671875 0.8548611111111111 0.06015625 0.1597222222222222
3 0.733203125 0.9138888888888889 0.05234375 0.09861111111111111
3 0.7796875 0.6451388888888889 0.04140625 0.09722222222222222
3 0.666015625 0.44027777777777777 0.028125 0.0625
3 0.690625 0.2833333333333333 0.021875 0.05555555555555555
3 0.6796875 0.23819444444444443 0.01640625 0.041666666666666664
3 0.553515625 0.29444444444444445 0.0203125 0.04861111111111111
3 0.56484375 0.27291666666666664 0.01875 0.04722222222222222
3 0.61015625 0.21458333333333332 0.0140625 0.029166666666666667