2 0.51640625 0.31805555555555554 0.0703125 0.10416666666666667
2 0.665625 0.6201388888888889 0.1421875 0.20555555555555555
2 0.400390625 0.4305555555555556 0.078125 0.17083333333333334
5 0.58359375 0.3284722222222222 0.028125 0.06944444444444445
5 0.74296875 0.5152777777777777 0.04140625 0.07777777777777778
5 0.64765625 0.4166666666666667 0.0296875 0.06527777777777778
5 0.54453125 0.2534722222222222 0.025 0.05138888888888889
5 0.448828125 0.2659722222222222 0.0203125 0.044444444444444446
4 0.4890625 0.24444444444444444 0.04609375 0.0763888888888889
2 0.442578125 0.18819444444444444 0.03671875 0.058333333333333334
2 0.419921875 0.14791666666666667 0.02734375 0.0375
2 0.384765625 0.15486111111111112 0.025 0.043055555555555555
2 0.4 0.20069444444444445 0.028125 0.041666666666666664
2 0.38359375 0.21388888888888888 0.03203125 0.05555555555555555
2 0.384765625 0.17847222222222223 0.02578125 0.03333333333333333
5 0.39765625 0.14166666666666666 0.0109375 0.022222222222222223
3 0.397265625 0.15208333333333332 0.0125 0.027777777777777776
2 0.399609375 0.2361111111111111 0.0375 0.05138888888888889
2 0.3359375 0.24861111111111112 0.040625 0.08333333333333333
2 0.221484375 0.22361111111111112 0.04765625 0.07361111111111111
2 0.343359375 0.26805555555555555 0.0453125 0.07777777777777778
2 0.401171875 0.2881944444444444 0.053125 0.09861111111111111
2 0.415234375 0.34444444444444444 0.0640625 0.11805555555555555
2 0.340234375 0.3423611111111111 0.0625 0.11805555555555555
2 0.425 0.5416666666666666 0.0921875 0.1986111111111111
2 0.428125 0.7805555555555556 0.15859375 0.3875
5 0.370703125 0.2298611111111111 0.01796875 0.030555555555555555
5 0.434765625 0.25069444444444444 0.015625 0.034722222222222224
5 0.353125 0.1798611111111111 0.01328125 0.02361111111111111
5 0.348046875 0.1451388888888889 0.01015625 0.022222222222222223
5 0.340234375 0.175 0.01015625 0.019444444444444445
5 0.34140625 0.20069444444444445 0.0125 0.025
5 0.334375 0.1875 0.01171875 0.02361111111111111
5 0.326171875 0.20833333333333334 0.0109375 0.02361111111111111
5 0.29921875 0.25069444444444444 0.0203125 0.0375
5 0.287109375 0.30416666666666664 0.021875 0.04027777777777778
5 0.32578125 0.37777777777777777 0.02265625 0.04583333333333333
5 0.336328125 0.40625 0.02109375 0.044444444444444446
5 0.35234375 0.43680555555555556 0.0265625 0.05138888888888889
3 0.33359375 0.4395833333333333 0.0265625 0.05277777777777778
3 0.323828125 0.4125 0.02265625 0.05555555555555555
3 0.2859375 0.34375 0.028125 0.06388888888888888
3 0.29765625 0.2791666666666667 0.021875 0.05
3 0.370703125 0.25416666666666665 0.0171875 0.043055555555555555
3 0.35234375 0.19722222222222222 0.01484375 0.034722222222222224
3 0.347265625 0.16180555555555556 0.0109375 0.025
3 0.44609375 0.2951388888888889 0.02109375 0.05416666666666667
3 0.433984375 0.28055555555555556 0.01953125 0.04861111111111111
3 0.615234375 0.9284722222222223 0.06796875 0.14305555555555555
3 0.639453125 0.7972222222222223 0.05234375 0.12777777777777777
3 0.54453125 0.8319444444444445 0.06953125 0.16527777777777777
3 0.546484375 0.6951388888888889 0.0578125 0.1111111111111111
3 0.51953125 0.6319444444444444 0.04140625 0.11944444444444445
3 0.3609375 0.6534722222222222 0.04609375 0.12916666666666668
3 0.3140625 0.8645833333333334 0.059375 0.15
3 0.309375 0.7013888888888888 0.0453125 0.09583333333333334
3 0.26953125 0.9013888888888889 0.059375 0.12361111111111112
5 0.6375 0.7243055555555555 0.0515625 0.09444444444444444
5 0.609765625 0.8479166666666667 0.05078125 0.10277777777777777
5 0.54609375 0.7479166666666667 0.053125 0.09722222222222222
5 0.54375 0.6361111111111111 0.046875 0.10277777777777777
5 0.51015625 0.5152777777777777 0.04140625 0.08194444444444444
5 0.31015625 0.6513888888888889 0.04609375 0.10416666666666667
5 0.316796875 0.7652777777777777 0.05 0.11527777777777778
5 0.248046875 0.7888888888888889 0.00234375 0.008333333333333333