2 0.429296875 0.4027777777777778 0.08515625 0.12222222222222222
2 0.49921875 0.26875 0.053125 0.07361111111111111
5 0.41875 0.3263888888888889 0.01875 0.04722222222222222
2 0.781640625 0.22708333333333333 0.05 0.07083333333333333
4 0.272265625 0.7034722222222223 0.1921875 0.3
5 0.3671875 0.7236111111111111 0.04609375 0.09305555555555556
5 0.391015625 0.84375 0.04921875 0.1
5 0.462890625 0.7409722222222223 0.04609375 0.09583333333333334
5 0.459375 0.6409722222222223 0.0484375 0.09305555555555556
5 0.48984375 0.5145833333333333 0.0375 0.06944444444444445
5 0.31171875 0.45069444444444445 0.0296875 0.06527777777777778
5 0.355078125 0.40555555555555556 0.02890625 0.05694444444444444
5 0.690625 0.6527777777777778 0.05 0.1
5 0.684765625 0.7631944444444444 0.04921875 0.10138888888888889
5 0.731640625 0.8298611111111112 0.05546875 0.10277777777777777
5 0.646875 0.4375 0.0359375 0.06805555555555555
5 0.666015625 0.4111111111111111 0.0265625 0.06944444444444445
5 0.673046875 0.37916666666666665 0.025 0.04861111111111111
5 0.62890625 0.2298611111111111 0.0171875 0.0375
5 0.553125 0.2638888888888889 0.0171875 0.0375
5 0.56640625 0.25277777777777777 0.01484375 0.03333333333333333
5 0.53984375 0.20902777777777778 0.01484375 0.03194444444444444
5 0.576953125 0.20902777777777778 0.0125 0.02638888888888889
5 0.642578125 0.16666666666666666 0.01328125 0.02638888888888889
2 0.61953125 0.16041666666666668 0.028125 0.05
2 0.601171875 0.19583333333333333 0.03125 0.05
2 0.619140625 0.2125 0.034375 0.05416666666666667
2 0.657421875 0.2111111111111111 0.03828125 0.07083333333333333
2 0.601953125 0.2375 0.03671875 0.05416666666666667
2 0.65703125 0.27291666666666664 0.05 0.08055555555555556
2 0.59921875 0.28888888888888886 0.0515625 0.09583333333333334
2 0.58359375 0.3472222222222222 0.0703125 0.13333333333333333
2 0.6578125 0.34375 0.06015625 0.12222222222222222
2 0.60078125 0.4236111111111111 0.0828125 0.17222222222222222
2 0.575 0.5409722222222222 0.09453125 0.19166666666666668
2 0.573828125 0.7840277777777778 0.1609375 0.37777777777777777
3 0.359765625 0.7965277777777777 0.05078125 0.12638888888888888
3 0.38984375 0.9333333333333333 0.06875 0.13333333333333333
3 0.4546875 0.8319444444444445 0.06328125 0.14722222222222223
3 0.48046875 0.6319444444444444 0.0421875 0.11527777777777778
3 0.45 0.7 0.053125 0.12777777777777777
3 0.68515625 0.8576388888888888 0.053125 0.16111111111111112
3 0.73203125 0.9138888888888889 0.0578125 0.1
3 0.641796875 0.6548611111111111 0.05 0.13472222222222222
3 0.629296875 0.2534722222222222 0.01953125 0.05277777777777778
3 0.55234375 0.29375 0.01953125 0.04861111111111111
3 0.563671875 0.27361111111111114 0.01796875 0.04583333333333333
3 0.64296875 0.18333333333333332 0.0140625 0.03194444444444444
3 0.665625 0.43819444444444444 0.025 0.05694444444444444