2 0.601421875 0.42902777777777773 0.0666015625 0.11063888888888884
2 0.616390625 0.27769444444444447 0.04705468750000001 0.08036111111111113
5 0.3458203125 0.4656666666666666 0.03489843749999997 0.08941666666666666
2 0.0988359375 0.8605416666666668 0.197671875 0.2789166666666666
5 0.3513046875 0.6939027777777778 0.041718749999999985 0.10172222222222224
5 0.41409375 0.4723888888888889 0.03250781249999997 0.07155555555555553
5 0.4258671875 0.35506944444444444 0.025203124999999993 0.05919444444444441
5 0.48939843749999995 0.25930555555555557 0.019914062500000006 0.04379166666666663
5 0.5175859375 0.28176388888888887 0.019460937500000063 0.04540277777777778
5 0.52284375 0.24868055555555557 0.01616406250000004 0.04419444444444443
5 0.5356328125 0.25581944444444443 0.017531250000000043 0.041152777777777774
5 0.5657421874999999 0.2834861111111111 0.020765624999999944 0.04741666666666665
5 0.5797265625 0.26729166666666665 0.016226562499999986 0.03811111111111111
5 0.584484375 0.232125 0.014851562499999993 0.04268055555555558
5 0.670640625 0.2875416666666667 0.020250000000000056 0.04251388888888891
5 0.660171875 0.20208333333333334 0.012312499999999994 0.028958333333333364
5 0.7086015625 0.32081944444444443 0.018125000000000037 0.03690277777777777
2 0.6190625 0.231125 0.03787500000000001 0.052569444444444474
2 0.591875 0.36288888888888887 0.05993750000000002 0.12036111111111107
2 0.7953515624999999 0.27947222222222223 0.045296875000000014 0.07420833333333335
3 0.8749453125000001 0.355 0.01793750000000003 0.05613888888888891
3 0.34021093750000003 0.763 0.04240624999999998 0.13604166666666673
3 0.4348515625 0.8217083333333334 0.05528124999999999 0.14106944444444436
3 0.30396875 0.9650972222222223 0.03985156249999999 0.06980555555555554
3 0.44211718749999995 0.6858055555555556 0.04517187499999995 0.09891666666666671
3 0.4730390625 0.6243194444444444 0.029226562500000063 0.09475000000000004
5 0.4441484375 0.7356111111111111 0.050820312499999964 0.09820833333333338
5 0.3183203125 0.908 0.044703125000000024 0.09405555555555559
5 0.45209374999999996 0.6356666666666667 0.04287500000000009 0.08619444444444453
5 0.490078125 0.5205694444444444 0.0322265625 0.0636666666666667
3 0.6306875 0.6817361111111111 0.04408593750000005 0.12747222222222218
3 0.6793359375 0.82575 0.04919531250000002 0.1329861111111111
5 0.7099765625 0.8642083333333334 0.05268750000000004 0.11572222222222213
5 0.688296875 0.745736111111111 0.040101562499999945 0.08737500000000004
2 0.55715625 0.7925972222222222 0.1348593750000001 0.3485972222222222
2 0.57221875 0.5538472222222222 0.08525781250000009 0.1701388888888889
3 0.70753125 0.35806944444444444 0.020320312499999993 0.05229166666666663
3 0.5639296875 0.306875 0.019234374999999915 0.05118055555555559
3 0.5778828125000001 0.28877777777777774 0.017203124999999986 0.043833333333333335
3 0.58425 0.2531111111111111 0.017867187499999916 0.04124999999999998
3 0.65940625 0.21970833333333334 0.013078125000000006 0.029166666666666667
3 0.6697578125 0.32005555555555554 0.019632812500000086 0.056861111111111105