2 0.774609375 0.76875 0.18984375 0.2569444444444444
4 0.53515625 0.3590277777777778 0.08671875 0.14444444444444443
5 0.79140625 0.9013888888888889 0.04609375 0.11805555555555555
5 0.640234375 0.71875 0.04921875 0.09444444444444444
5 0.54609375 0.7402777777777778 0.04921875 0.09166666666666666
5 0.61484375 0.8409722222222222 0.0484375 0.10694444444444444
5 0.54453125 0.6326388888888889 0.04375 0.0875
5 0.558203125 0.43680555555555556 0.03359375 0.07777777777777778
5 0.509375 0.5159722222222223 0.0328125 0.0625
5 0.7015625 0.43819444444444444 0.03203125 0.059722222222222225
5 0.60703125 0.3736111111111111 0.02734375 0.05694444444444444
5 0.569140625 0.3013888888888889 0.01953125 0.041666666666666664
5 0.5359375 0.2590277777777778 0.01640625 0.04027777777777778
5 0.552734375 0.23680555555555555 0.015625 0.03333333333333333
5 0.5046875 0.2659722222222222 0.01640625 0.041666666666666664
5 0.47421875 0.2590277777777778 0.01875 0.03611111111111111
5 0.491015625 0.23958333333333334 0.0171875 0.03611111111111111
5 0.512109375 0.24444444444444444 0.015625 0.0375
5 0.50390625 0.22777777777777777 0.0140625 0.03333333333333333
5 0.47734375 0.21597222222222223 0.01484375 0.03194444444444444
2 0.446875 0.21388888888888888 0.03828125 0.059722222222222225
2 0.435546875 0.7833333333333333 0.159375 0.3763888888888889
2 0.425 0.5402777777777777 0.09140625 0.19027777777777777
2 0.4015625 0.425 0.0765625 0.16666666666666666
2 0.416015625 0.3458333333333333 0.0640625 0.12638888888888888
2 0.34296875 0.33055555555555555 0.05625 0.11666666666666667
2 0.34453125 0.25 0.0453125 0.08472222222222223
2 0.396875 0.29305555555555557 0.05390625 0.10555555555555556
2 0.37265625 0.18680555555555556 0.034375 0.05694444444444444
2 0.412890625 0.15486111111111112 0.0328125 0.05
2 0.360546875 0.13958333333333334 0.025 0.044444444444444446
2 0.3796875 0.16180555555555556 0.0234375 0.041666666666666664
5 0.378125 0.22083333333333333 0.015625 0.034722222222222224
5 0.44296875 0.26944444444444443 0.021875 0.0375
5 0.433984375 0.24583333333333332 0.01796875 0.041666666666666664
5 0.29765625 0.2875 0.01875 0.044444444444444446
5 0.351953125 0.44166666666666665 0.02890625 0.058333333333333334
5 0.33515625 0.4083333333333333 0.02265625 0.05277777777777778
5 0.3203125 0.3659722222222222 0.02265625 0.05
5 0.313671875 0.6694444444444444 0.05078125 0.09583333333333334
3 0.359375 0.6597222222222222 0.04609375 0.12083333333333333
3 0.321484375 0.8659722222222223 0.05546875 0.15833333333333333
3 0.2703125 0.9104166666666667 0.05546875 0.11944444444444445
3 0.546875 0.8270833333333333 0.0546875 0.1597222222222222
3 0.614453125 0.9236111111111112 0.06953125 0.1527777777777778
3 0.643359375 0.7916666666666666 0.04921875 0.12638888888888888
3 0.518359375 0.6340277777777777 0.04140625 0.10138888888888889
3 0.5515625 0.6958333333333333 0.04609375 0.1
5 0.31640625 0.7798611111111111 0.05546875 0.12083333333333333
5 0.27421875 0.8444444444444444 0.05234375 0.1125
5 0.624609375 0.5159722222222223 0.03046875 0.05694444444444444
5 0.292578125 0.22847222222222222 0.0125 0.027777777777777776
3 0.13125 0.2965277777777778 0.02265625 0.05277777777777778
3 0.444921875 0.2951388888888889 0.02109375 0.04583333333333333
3 0.376171875 0.24305555555555555 0.01875 0.043055555555555555
3 0.29765625 0.3194444444444444 0.02109375 0.05555555555555555
3 0.289453125 0.2569444444444444 0.01796875 0.04583333333333333
3 0.321875 0.39861111111111114 0.02265625 0.059722222222222225
3 0.331640625 0.44375 0.02265625 0.05416666666666667