2 0.4609375 0.2465277777777778 0.040625 0.0625
2 0.208203125 0.27152777777777776 0.04453125 0.06388888888888888
2 0.413671875 0.1875 0.03359375 0.04583333333333333
5 0.603125 0.34652777777777777 0.02890625 0.06944444444444445
5 0.533984375 0.3527777777777778 0.01953125 0.05138888888888889
5 0.530859375 0.29375 0.0234375 0.04861111111111111
5 0.526953125 0.32222222222222224 0.01953125 0.044444444444444446
5 0.647265625 0.7083333333333334 0.04296875 0.09722222222222222
5 0.62421875 0.8277777777777777 0.053125 0.1111111111111111
5 0.55390625 0.7416666666666667 0.04765625 0.10555555555555556
5 0.546875 0.6319444444444444 0.03515625 0.0875
5 0.508203125 0.5131944444444444 0.03203125 0.058333333333333334
5 0.329296875 0.7951388888888888 0.03984375 0.09305555555555556
5 0.289453125 0.875 0.0484375 0.1111111111111111
5 0.260546875 0.75 0.0453125 0.1
5 0.319140625 0.6763888888888889 0.04453125 0.08472222222222223
5 0.35078125 0.4625 0.02578125 0.06944444444444445
5 0.33359375 0.42986111111111114 0.02890625 0.05555555555555555
5 0.323046875 0.4076388888888889 0.0234375 0.05694444444444444
5 0.284375 0.38472222222222224 0.02734375 0.05555555555555555
5 0.287109375 0.35555555555555557 0.021875 0.04861111111111111
5 0.287890625 0.29583333333333334 0.0203125 0.05138888888888889
3 0.12578125 0.3416666666666667 0.01796875 0.043055555555555555
3 0.437890625 0.30416666666666664 0.01640625 0.04722222222222222
3 0.42421875 0.2902777777777778 0.0171875 0.043055555555555555
3 0.3578125 0.2763888888888889 0.01796875 0.041666666666666664
3 0.334375 0.19930555555555557 0.0140625 0.03333333333333333
3 0.4125 0.225 0.01328125 0.030555555555555555
3 0.6546875 0.7722222222222223 0.04921875 0.1125
3 0.636328125 0.9284722222222223 0.05703125 0.14305555555555555
3 0.559375 0.8236111111111111 0.05390625 0.1361111111111111
3 0.556640625 0.6923611111111111 0.0453125 0.1111111111111111
3 0.529296875 0.6263888888888889 0.040625 0.1125
3 0.36640625 0.6715277777777777 0.03984375 0.11666666666666667
3 0.325390625 0.7381944444444445 0.03515625 0.09583333333333334
3 0.263671875 0.8319444444444445 0.04609375 0.13055555555555556
3 0.292578125 0.9416666666666667 0.05859375 0.10555555555555556
3 0.33203125 0.8881944444444444 0.053125 0.14722222222222223
3 0.3328125 0.46805555555555556 0.025 0.06111111111111111
3 0.285546875 0.4166666666666667 0.03125 0.07361111111111111
3 0.28828125 0.3173611111111111 0.02109375 0.044444444444444446
5 0.4359375 0.27361111111111114 0.0171875 0.029166666666666667
5 0.423046875 0.25416666666666665 0.01484375 0.02638888888888889
5 0.412890625 0.20625 0.01484375 0.02361111111111111
5 0.334375 0.1840277777777778 0.01171875 0.019444444444444445
5 0.35625 0.14583333333333334 0.01015625 0.020833333333333332
5 0.319921875 0.22361111111111112 0.0140625 0.02638888888888889
5 0.358984375 0.24791666666666667 0.015625 0.030555555555555555
2 0.43984375 0.7965277777777777 0.1515625 0.3638888888888889
2 0.430078125 0.55 0.08984375 0.18611111111111112
2 0.39765625 0.44375 0.0703125 0.1597222222222222
2 0.3359375 0.36875 0.0546875 0.12222222222222222
2 0.410546875 0.36319444444444443 0.059375 0.11805555555555555
2 0.390625 0.3076388888888889 0.04296875 0.09861111111111111
2 0.38671875 0.2534722222222222 0.03828125 0.05
2 0.3234375 0.275 0.03828125 0.07777777777777778
2 0.333203125 0.29930555555555555 0.04375 0.07083333333333333
2 0.369140625 0.225 0.034375 0.03611111111111111
2 0.384765625 0.2152777777777778 0.025 0.04583333333333333
2 0.374609375 0.17916666666666667 0.02421875 0.044444444444444446
2 0.366796875 0.19791666666666666 0.025 0.034722222222222224