2 0.753125 0.7048611111111112 0.17265625 0.22777777777777777
2 0.50390625 0.32916666666666666 0.06328125 0.09027777777777778
2 0.628515625 0.4423611111111111 0.10390625 0.14166666666666666
2 0.39609375 0.4361111111111111 0.0703125 0.12361111111111112
5 0.74765625 0.4444444444444444 0.03359375 0.08194444444444444
5 0.6515625 0.6861111111111111 0.05234375 0.10694444444444444
5 0.64375 0.8159722222222222 0.04921875 0.09722222222222222
5 0.56171875 0.73125 0.0515625 0.10416666666666667
5 0.555859375 0.6298611111111111 0.0421875 0.09722222222222222
5 0.511328125 0.5083333333333333 0.03515625 0.06388888888888888
5 0.3234375 0.7791666666666667 0.04453125 0.08472222222222223
5 0.298046875 0.8722222222222222 0.0453125 0.09027777777777778
5 0.349609375 0.48194444444444445 0.02734375 0.06944444444444445
5 0.32890625 0.4527777777777778 0.02421875 0.05416666666666667
5 0.327734375 0.24444444444444444 0.01640625 0.03333333333333333
5 0.426953125 0.2861111111111111 0.01484375 0.03333333333333333
5 0.4125 0.2604166666666667 0.01328125 0.027777777777777776
5 0.505078125 0.2222222222222222 0.01328125 0.030555555555555555
5 0.47890625 0.24513888888888888 0.015625 0.030555555555555555
5 0.4671875 0.21388888888888888 0.01484375 0.030555555555555555
5 0.3984375 0.17152777777777778 0.01171875 0.020833333333333332
3 0.330078125 0.26319444444444445 0.01875 0.043055555555555555
3 0.4296875 0.31319444444444444 0.02109375 0.05138888888888889
3 0.41640625 0.2972222222222222 0.01640625 0.044444444444444446
3 0.5734375 0.8152777777777778 0.05078125 0.14722222222222223
3 0.651171875 0.9076388888888889 0.071875 0.1638888888888889
3 0.6625 0.75 0.05234375 0.14722222222222223
3 0.528515625 0.6243055555555556 0.03828125 0.1125
3 0.567578125 0.6763888888888889 0.04921875 0.10138888888888889
3 0.375390625 0.6923611111111111 0.0453125 0.12916666666666668
3 0.33984375 0.8513888888888889 0.053125 0.1597222222222222
3 0.332421875 0.4875 0.03125 0.06666666666666667
3 0.120703125 0.3923611111111111 0.02109375 0.044444444444444446
2 0.45703125 0.7958333333333333 0.14609375 0.3888888888888889
2 0.43046875 0.5569444444444445 0.0984375 0.19583333333333333
2 0.403515625 0.3729166666666667 0.07265625 0.12916666666666668
2 0.38359375 0.31875 0.05390625 0.10277777777777777
2 0.198046875 0.30972222222222223 0.046875 0.08611111111111111