5 0.223484375 0.8097638888888888 0.048820312500000004 0.12183333333333338
5 0.35157812499999996 0.607125 0.03471093749999996 0.06426388888888887
5 0.40063281249999994 0.5088194444444445 0.025937500000000037 0.07061111111111115
5 0.42112499999999997 0.44915277777777773 0.02416406250000005 0.04726388888888885
5 0.47290625000000003 0.49625 0.025492187500000086 0.06466666666666675
5 0.48874218750000004 0.37440277777777775 0.02365624999999998 0.04309722222222218
5 0.5387421875 0.34494444444444444 0.018765624999999987 0.03861111111111109
5 0.5584453125 0.3187361111111111 0.01729687500000008 0.03415277777777774
5 0.5214453125 0.3254722222222222 0.01604687499999997 0.03526388888888887
5 0.5335234375 0.29265277777777776 0.010789062499999957 0.024777777777777742
5 0.570171875 0.2753611111111111 0.008117187500000077 0.020638888888888908
5 0.4202421875 0.8170555555555555 0.04228124999999996 0.10013888888888876
5 0.3874140625 0.9124444444444445 0.04228124999999996 0.11581944444444459
5 0.493609375 0.8870833333333334 0.04278124999999999 0.09340277777777778
5 0.572125 0.8956388888888889 0.04028906249999995 0.09634722222222239
5 0.6125 0.9626388888888889 0.04178125000000001 0.07470833333333328
5 0.57759375 0.5816666666666667 0.027687500000000042 0.06618055555555552
5 0.6319765625 0.5396388888888889 0.02901562500000008 0.05112500000000008
5 0.6671328125 0.45125 0.021718749999999964 0.048250000000000015
5 0.659171875 0.38962499999999994 0.015750000000000063 0.039375000000000035
5 0.7049375 0.39566666666666667 0.017742187500000027 0.03199999999999995
5 0.6674609375 0.3322777777777778 0.012437500000000056 0.03255555555555555
5 0.6438671874999999 0.30277777777777776 0.008375000000000021 0.021000000000000005
5 0.6497265624999999 0.2965 0.009328125000000043 0.021208333333333308
6 0.6635234375 0.2724722222222222 0.021609375000000063 0.046861111111111124
2 0.6104453125 0.35974999999999996 0.035039062499999926 0.06316666666666669
2 0.62871875 0.27831944444444445 0.02184375000000003 0.04641666666666669
5 0.644078125 0.2622638888888889 0.008437499999999964 0.02620833333333334
3 0.6439609374999999 0.278375 0.009593749999999979 0.024805555555555574
3 0.6440625 0.3187222222222222 0.008578125000000015 0.026263888888888923
3 0.650109375 0.3085833333333333 0.008914062500000064 0.026861111111111075
3 0.666203125 0.3499861111111111 0.012351562499999958 0.03441666666666663
3 0.6572109375 0.41700000000000004 0.014273437499999986 0.046194444444444434
3 0.7045 0.4240833333333333 0.016953125000000034 0.05004166666666663
3 0.6654609375 0.4907222222222222 0.021859375000000014 0.061180555555555495
3 0.576671875 0.6231249999999999 0.028046875000000072 0.06598611111111109
3 0.6292734375 0.5799305555555556 0.026601562499999964 0.06525000000000003
3 0.63734375 0.7861527777777777 0.03564843750000009 0.10261111111111126
3 0.5629375 0.9521666666666666 0.051156250000000014 0.09566666666666682
3 0.48775781250000005 0.9590555555555556 0.04339843749999996 0.08188888888888894
3 0.4151640625 0.8975972222222222 0.03926562499999999 0.11880555555555551