2 0.4546875 0.5047222222222222 0.07913281249999997 0.11431944444444436
2 0.577703125 0.4705972222222222 0.06352343749999996 0.11543055555555558
5 0.5912734375 0.6297083333333333 0.029062500000000036 0.0532777777777778
5 0.5191640625 0.4089722222222222 0.0181640625 0.04786111111111116
5 0.540875 0.3094027777777778 0.012906249999999985 0.028166666666666708
5 0.4679609375 0.33969444444444447 0.014539062499999922 0.029736111111111147
5 0.3882890625 0.9144027777777778 0.046656250000000024 0.12226388888888885
5 0.42094531249999995 0.827875 0.04338281249999998 0.10972222222222222
5 0.4809765625 0.9454722222222223 0.04439062499999995 0.10905555555555553
5 0.5271328125 0.8695555555555556 0.04287500000000009 0.09713888888888897
5 0.5828671875 0.8347916666666666 0.04237500000000001 0.08411111111111104
5 0.546296875 0.963625 0.038843750000000024 0.07275000000000015
5 0.6347031249999999 0.877861111111111 0.04564843750000005 0.08772222222222234
5 0.6412578124999999 0.7843611111111112 0.044140625 0.0881666666666667
5 0.67265625 0.52 0.025218749999999977 0.049083333333333375
5 0.71503125 0.49106944444444445 0.025218749999999977 0.05309722222222225
5 0.719953125 0.5565555555555556 0.022953125000000085 0.049555555555555485
5 0.6488984375 0.4031388888888889 0.015445312499999985 0.03204166666666674
5 0.6311328125 0.29473611111111114 0.009945312500000015 0.0211527777777778
5 0.642125 0.3083194444444445 0.010679687500000057 0.020652777777777784
5 0.65434375 0.29791666666666666 0.011023437499999922 0.020444444444444484
5 0.5724765625 0.2734583333333333 0.007695312499999929 0.01651388888888887
3 0.63096875 0.3105972222222222 0.010570312499999979 0.026569444444444437
3 0.64140625 0.3264722222222222 0.010476562500000064 0.02990277777777774
3 0.6542421875 0.3188888888888889 0.009679687500000079 0.03179166666666665
3 0.6498125 0.4354027777777778 0.02028906250000002 0.05518055555555558
3 0.7134296875 0.5317222222222222 0.020132812499999986 0.04899999999999996
3 0.6698671875 0.5626249999999999 0.022648437500000007 0.05713888888888887
3 0.7179140625 0.5831805555555556 0.027210937499999942 0.04288888888888888
3 0.6166796875 0.7230416666666667 0.026460937499999913 0.10118055555555551
3 0.6348515625 0.8396805555555557 0.03523437499999993 0.07994444444444437
3 0.5782421875 0.9134583333333334 0.040664062499999966 0.10765277777777776
3 0.5228125 0.9475 0.038437500000000034 0.10297222222222237
3 0.415015625 0.9070138888888888 0.031750000000000035 0.11855555555555541
3 0.6306328125 0.949125 0.04474999999999998 0.10175
6 0.67509375 0.33511111111111114 0.027023437499999935 0.06697222222222218
2 0.6335390624999999 0.2673611111111111 0.02153906249999995 0.039111111111111145