4 0.362890625 0.5583333333333333 0.11640625 0.20555555555555555
2 0.56278125 0.3150833333333333 0.026515625000000043 0.051472222222222225
2 0.5760390625 0.27444444444444444 0.017679687500000086 0.031972222222222194
5 0.334890625 0.913513888888889 0.049515624999999994 0.10509722222222233
5 0.39671875 0.7830138888888889 0.038179687500000004 0.07794444444444429
5 0.5161953125000001 0.816736111111111 0.03965624999999999 0.08495833333333344
5 0.4866328125 0.9270555555555556 0.048531249999999915 0.11641666666666659
5 0.5517890624999999 0.8941805555555555 0.039414062500000034 0.07970833333333348
5 0.49500781250000003 0.6356527777777778 0.03177343750000006 0.07926388888888895
5 0.47985937500000003 0.5316388888888889 0.021187499999999915 0.04379166666666663
5 0.6433046874999999 0.6021527777777778 0.02734375 0.054305555555555586
5 0.6421953125 0.480625 0.020695312500000007 0.03809722222222215
5 0.5989609375 0.4637638888888889 0.017984374999999986 0.03327777777777783
5 0.5069609374999999 0.46770833333333334 0.017734375000000035 0.04116666666666665
5 0.5811015625 0.41100000000000003 0.01576562500000005 0.03022222222222221
5 0.5471328125 0.29588888888888887 0.007835937499999978 0.01683333333333334
5 0.5231015625000001 0.2859166666666667 0.006781250000000049 0.01683333333333334
5 0.4989609375 0.3250972222222222 0.009937500000000021 0.022861111111111082
5 0.4847578125 0.3577222222222222 0.012859375000000029 0.026194444444444465
5 0.44038281250000005 0.3686388888888889 0.012976562499999922 0.03512499999999999
5 0.49166406250000005 0.32111111111111107 0.010703125000000036 0.02452777777777781
5 0.5920546875 0.30451388888888886 0.0109375 0.020263888888888856
3 0.5907421875 0.3185972222222222 0.01060156249999995 0.022888888888888913
3 0.5466640625 0.31116666666666665 0.007437499999999986 0.0231527777777778
3 0.582140625 0.440625 0.017101562500000077 0.05051388888888889
3 0.5997343749999999 0.49993055555555554 0.02092187499999998 0.06356944444444441
3 0.6424218749999999 0.5167638888888889 0.024031249999999994 0.062069444444444365
3 0.5074375 0.5059583333333334 0.02572656250000005 0.06256944444444439
3 0.4803671875 0.5691527777777778 0.026999999999999958 0.07387499999999991
3 0.395421875 0.8653055555555556 0.04541406250000004 0.13884722222222226
3 0.5143671875 0.88175 0.04782031250000003 0.12047222222222223
3 0.549609375 0.9555555555555556 0.04609375 0.08888888888888889
3 0.8530390625000001 0.5957361111111111 0.024320312500000087 0.0743333333333333
5 0.8501875 0.5554027777777778 0.022296874999999973 0.04583333333333333
5 0.415359375 0.41843055555555553 0.018171874999999994 0.04388888888888892
5 0.2202265625 0.9563750000000001 0.05232031250000002 0.08624999999999987