5 0.790625 0.7659722222222223 0.0546875 0.12916666666666668
5 0.653125 0.5840277777777778 0.0375 0.06944444444444445
5 0.599609375 0.4930555555555556 0.0296875 0.075
5 0.576171875 0.43680555555555556 0.0265625 0.05138888888888889
5 0.526953125 0.49236111111111114 0.02890625 0.06805555555555555
5 0.505078125 0.3729166666666667 0.02578125 0.04722222222222222
5 0.45390625 0.35138888888888886 0.0203125 0.041666666666666664
5 0.4328125 0.3284722222222222 0.01875 0.03611111111111111
5 0.469921875 0.32916666666666666 0.01796875 0.0375
5 0.45625 0.2986111111111111 0.01171875 0.02638888888888889
5 0.419140625 0.28680555555555554 0.009375 0.022222222222222223
5 0.594921875 0.8034722222222223 0.046875 0.10694444444444444
5 0.632421875 0.89375 0.04765625 0.12222222222222222
5 0.525390625 0.8847222222222222 0.046875 0.1
5 0.44765625 0.9055555555555556 0.04453125 0.10277777777777777
5 0.41015625 0.96875 0.0453125 0.0625
5 0.4265625 0.5930555555555556 0.03046875 0.07083333333333333
5 0.3703125 0.5597222222222222 0.03125 0.05555555555555555
5 0.33125 0.47708333333333336 0.02421875 0.05138888888888889
5 0.3359375 0.41458333333333336 0.01796875 0.041666666666666664
5 0.290625 0.42777777777777776 0.01953125 0.034722222222222224
5 0.325 0.3590277777777778 0.0140625 0.034722222222222224
5 0.346875 0.32569444444444445 0.009375 0.022222222222222223
5 0.341015625 0.32013888888888886 0.01015625 0.022222222222222223
6 0.32578125 0.2986111111111111 0.0234375 0.05
2 0.383203125 0.3770833333333333 0.03828125 0.06805555555555555
2 0.3609375 0.29930555555555555 0.02421875 0.05
5 0.344921875 0.28541666666666665 0.009375 0.027777777777777776
3 0.345703125 0.3013888888888889 0.0109375 0.02638888888888889
3 0.34765625 0.3416666666666667 0.01015625 0.027777777777777776
3 0.341015625 0.3326388888888889 0.01015625 0.027777777777777776
3 0.326953125 0.3763888888888889 0.0140625 0.03611111111111111
3 0.339453125 0.44166666666666665 0.01640625 0.04861111111111111
3 0.292578125 0.45625 0.01953125 0.05277777777777778
3 0.334765625 0.5166666666666667 0.025 0.06388888888888888
3 0.4296875 0.6347222222222222 0.03125 0.06944444444444445
3 0.375 0.6 0.0296875 0.06944444444444445
3 0.37734375 0.80625 0.040625 0.10833333333333334
3 0.458984375 0.9541666666666667 0.05546875 0.09166666666666666
3 0.534765625 0.9555555555555556 0.046875 0.08888888888888889
3 0.60390625 0.8826388888888889 0.0453125 0.125