2 0.5715078124999999 0.5074444444444445 0.05459375000000009 0.10683333333333328
2 0.30755468750000003 0.76175 0.14926562500000004 0.2113194444444445
2 0.5953203125 0.35920833333333335 0.04183593749999996 0.05926388888888887
2 0.5297578125 0.3678333333333333 0.050023437499999976 0.06458333333333334
2 0.48703124999999997 0.3593333333333334 0.0439453125 0.055958333333333325
2 0.5176484375 0.610625 0.10079687499999998 0.12133333333333335
5 0.1975390625 0.9189027777777778 0.05666406250000002 0.11205555555555564
5 0.377890625 0.92175 0.056984374999999955 0.13176388888888904
5 0.428125 0.9340277777777778 0.05 0.13194444444444445
5 0.4830078125 0.9483611111111112 0.04706250000000001 0.10327777777777764
5 0.5303125 0.8715138888888889 0.04183593749999996 0.0941111111111111
5 0.5500390625 0.9515277777777779 0.04706250000000001 0.09694444444444437
5 0.5568906250000001 0.7775555555555556 0.03721093750000008 0.07855555555555548
5 0.5830859375 0.8372916666666667 0.040460937499999974 0.09015277777777789
5 0.6340234375 0.8726388888888889 0.041906250000000075 0.0953194444444446
5 0.6883984375 0.906513888888889 0.03792968749999996 0.08409722222222216
5 0.7420390625 0.8323194444444444 0.04335156250000001 0.08212500000000016
5 0.6829765625 0.8149722222222222 0.045882812500000016 0.09624999999999993
5 0.6038593750000001 0.7219722222222222 0.03792968749999996 0.08302777777777774
5 0.6417890625 0.7831666666666667 0.03792968749999996 0.08787499999999998
5 0.56565625 0.7097777777777778 0.029804687500000072 0.07402777777777779
5 0.5892265625 0.6042916666666667 0.035039062499999926 0.08269444444444439
5 0.631859375 0.5697500000000001 0.027820312499999923 0.06180555555555556
5 0.2676953125 0.5771944444444445 0.03865625000000002 0.08054166666666668
5 0.3839375 0.46026388888888886 0.03052343750000004 0.054777777777777856
5 0.31439062500000003 0.5180833333333333 0.025828125000000045 0.050944444444444376
5 0.3829453125 0.5061944444444444 0.029624999999999967 0.058013888888888865
5 0.4087734375 0.42331944444444447 0.029265625000000028 0.05411111111111116
5 0.42142187499999995 0.4811388888888889 0.024929687500000065 0.06827777777777773
5 0.44959375 0.4185 0.024203125000000013 0.052180555555555626
5 0.491 0.3653888888888889 0.0189453125 0.04066666666666663
5 0.499375 0.39920833333333333 0.0203125 0.04240277777777774
5 0.5004765625 0.4287361111111111 0.02086718750000003 0.04779166666666662
5 0.5307421875 0.3839444444444444 0.01853125000000002 0.03970833333333338
2 0.5426953125 0.3204166666666666 0.03759374999999991 0.04962500000000002
2 0.4671953125 0.8078055555555556 0.12203125000000004 0.23852777777777778
2 0.64228125 0.5128333333333334 0.059195312499999986 0.13276388888888893
2 0.6514375 0.43645833333333334 0.05150000000000006 0.07677777777777774
2 0.6021328125000001 0.4058055555555556 0.046320312499999974 0.09193055555555547
2 0.647390625 0.32325000000000004 0.029867187500000014 0.0627083333333333
2 0.6113593749999999 0.33233333333333337 0.030265625000000008 0.06530555555555558
2 0.5822890625 0.2848888888888889 0.02787500000000005 0.046875
2 0.63715625 0.2592361111111111 0.02232031249999995 0.03693055555555552
2 0.631375 0.2950277777777778 0.022398437500000055 0.043055555555555555
2 0.6534921875 0.28802777777777777 0.025429687499999964 0.0444722222222222
5 0.731078125 0.5088611111111111 0.01766406249999992 0.0443194444444444
5 0.7230703125 0.4691944444444444 0.021671875000000007 0.03813888888888894
5 0.6998046875 0.47638888888888886 0.0201171875 0.03863888888888896
5 0.7119609375 0.4015972222222222 0.01984375000000007 0.03276388888888893
5 0.69215625 0.411875 0.01793750000000003 0.03681944444444443
5 0.6417734375 0.3855 0.01696093750000003 0.0429722222222223
5 0.6624921875 0.38269444444444445 0.019140625 0.039944444444444435
5 0.8160000000000001 0.4946527777777777 0.016085937500000112 0.03909722222222219
5 0.68721875 0.5074166666666666 0.02240625000000005 0.042166666666666686
3 0.684125 0.5483888888888888 0.021632812500000043 0.06183333333333331
3 0.7201328124999999 0.49648611111111113 0.021867187500000006 0.04637499999999998
3 0.69803125 0.5017777777777778 0.02234374999999993 0.04341666666666665
3 0.7126015625 0.432875 0.01791406250000005 0.046069444444444385
3 0.6743515625 0.3554861111111111 0.01459375000000005 0.028861111111111074
3 0.661578125 0.3993333333333333 0.016468749999999942 0.030986111111111034
3 0.6841640625000001 0.3774027777777778 0.012328124999999978 0.030624999999999937
5 0.6835234375 0.35934722222222226 0.01400781250000005 0.036583333333333336
5 0.7073437499999999 0.37898611111111113 0.013710937499999964 0.02958333333333327
3 0.6397265625 0.4044166666666667 0.015187500000000043 0.034152777777777824
5 0.6805 0.30091666666666667 0.011328125 0.018708333333333372
5 0.5688359375 0.41518055555555555 0.014382812500000064 0.02954166666666664
5 0.5612890625 0.43859722222222225 0.01766406249999992 0.034347222222222244
5 0.43371875 0.5347083333333333 0.02611718750000005 0.06497222222222218
3 0.5222109374999999 0.9442777777777778 0.038304687499999976 0.09991666666666674
3 0.5782812500000001 0.9044305555555556 0.04146093749999995 0.10656944444444447
3 0.54975 0.8343888888888888 0.040078124999999964 0.0949444444444443
3 0.6008828125 0.774875 0.035734375000000006 0.07769444444444452
3 0.6383984375 0.823861111111111 0.0361328125 0.08229166666666667
3 0.6330703125 0.9423611111111111 0.04797656250000006 0.11501388888888882
3 0.6809453125 0.9634861111111112 0.040671874999999955 0.07302777777777768
3 0.6769921875 0.8733611111111111 0.038304687499999976 0.0886388888888888
3 0.7372109375 0.9218194444444445 0.039484374999999974 0.12658333333333346
3 0.731390625 0.8040833333333334 0.033757812500000026 0.070125
5 0.5697109375 0.38311111111111107 0.012460937500000036 0.03220833333333341
5 0.7093515625 0.5648194444444444 0.055859375 0.11388888888888889