2 0.2570859375 0.6890833333333333 0.16985937499999998 0.21623611111111118
2 0.47232031250000006 0.35856944444444444 0.06735937500000003 0.09570833333333328
2 0.5844609375 0.19245833333333331 0.030039062500000036 0.041499999999999995
2 0.602046875 0.42691666666666667 0.06800781249999996 0.11229166666666669
5 0.6522109375 0.46811111111111114 0.025632812499999956 0.0404166666666667
5 0.8563984375 0.432375 0.0188359375000001 0.06809722222222218
5 0.4348671875 0.31475000000000003 0.022531249999999937 0.05862499999999997
5 0.37715624999999997 0.39505555555555555 0.025023437499999978 0.0661944444444444
5 0.349390625 0.6951944444444446 0.04065624999999997 0.08959722222222229
5 0.36686718749999997 0.8280277777777777 0.04888281250000004 0.10063888888888894
5 0.4444375 0.7369166666666668 0.04728906249999998 0.09393055555555548
5 0.44977343750000004 0.6309027777777778 0.040054687499999984 0.08045833333333327
5 0.4917109375 0.5142916666666667 0.033242187499999964 0.06552777777777771
5 0.68584375 0.7600416666666667 0.04016406250000006 0.08425000000000012
5 0.711375 0.8608194444444444 0.050789062499999996 0.11063888888888901
5 0.6693749999999999 0.4357083333333333 0.025742187500000034 0.05315277777777775
5 0.565796875 0.2795 0.0177734375 0.037208333333333364
5 0.539203125 0.2203888888888889 0.015328124999999915 0.028513888888888853
5 0.5790625 0.2670972222222222 0.014664062499999986 0.028805555555555567
2 0.5987734375 0.16387500000000002 0.02575000000000003 0.036125000000000004
5 0.6587578125 0.1806666666666667 0.012289062500000014 0.024013888888888897
3 0.6576484375 0.19280555555555554 0.013039062500000042 0.028375000000000008
2 0.6146874999999999 0.25443055555555555 0.03806250000000002 0.044333333333333357
2 0.6128984375 0.30613888888888885 0.046250000000000034 0.0831388888888889
2 0.5935937499999999 0.36174999999999996 0.05678906250000004 0.11620833333333332
3 0.5656015625 0.3073888888888889 0.017765625000000007 0.04440277777777782
3 0.5771328125 0.29012499999999997 0.016249999999999966 0.04063888888888888
3 0.668890625 0.46929166666666666 0.024992187500000006 0.05387499999999995
3 0.876015625 0.3599861111111111 0.020648437499999873 0.04818055555555551
3 0.6309296875 0.6783750000000001 0.042851562499999926 0.11654166666666663
3 0.4333984375 0.8178611111111111 0.04942187499999999 0.14244444444444437
3 0.3625625 0.9215555555555556 0.058015624999999994 0.15601388888888879
3 0.3425625 0.7717777777777777 0.044007812500000035 0.11855555555555541
3 0.44057031249999995 0.6867222222222222 0.04399218749999996 0.10912500000000007
3 0.47203125 0.6303055555555556 0.0306640625 0.10476388888888882
3 0.6796249999999999 0.8412083333333332 0.04972656250000007 0.14594444444444435
2 0.5560234375 0.7979722222222222 0.142796875 0.3609583333333332
2 0.5730078125 0.556138888888889 0.09495312499999997 0.19531944444444443