2 0.5984375 0.5236111111111111 0.0703125 0.09861111111111111
2 0.712890625 0.7666666666666667 0.13125 0.1625
2 0.52109375 0.6194444444444445 0.07578125 0.11527777777777778
2 0.424609375 0.5631944444444444 0.06796875 0.10833333333333334
2 0.9578125 0.9625 0.059375 0.07361111111111111
2 0.4875 0.3423611111111111 0.0296875 0.043055555555555555
5 0.57421875 0.3909722222222222 0.0171875 0.041666666666666664
2 0.5296875 0.4083333333333333 0.04921875 0.08055555555555556
5 0.728515625 0.55625 0.02421875 0.06388888888888888
5 0.55859375 0.3576388888888889 0.01484375 0.03194444444444444
5 0.525390625 0.33402777777777776 0.01328125 0.034722222222222224
5 0.51875 0.34791666666666665 0.0125 0.03611111111111111
5 0.494921875 0.40694444444444444 0.01796875 0.041666666666666664
5 0.453125 0.36666666666666664 0.01640625 0.0375
5 0.396875 0.4111111111111111 0.015625 0.034722222222222224
5 0.378515625 0.45208333333333334 0.01875 0.041666666666666664
5 0.503125 0.47430555555555554 0.0203125 0.04861111111111111
5 0.512890625 0.5368055555555555 0.02578125 0.05277777777777778
5 0.664453125 0.9097222222222222 0.0375 0.09027777777777778
5 0.632421875 0.8263888888888888 0.03359375 0.07916666666666666
5 0.598828125 0.7416666666666667 0.03125 0.06111111111111111
5 0.555078125 0.8236111111111111 0.034375 0.09583333333333334
5 0.61171875 0.9284722222222223 0.04296875 0.10277777777777777
5 0.510546875 0.9291666666666667 0.0515625 0.1111111111111111
5 0.475390625 0.7597222222222222 0.03515625 0.06944444444444445
5 0.490234375 0.8354166666666667 0.0421875 0.0875
5 0.453515625 0.8881944444444444 0.0390625 0.09444444444444444
5 0.42578125 0.8041666666666667 0.04609375 0.0875
5 0.3921875 0.9368055555555556 0.040625 0.08888888888888889
5 0.3359375 0.5659722222222222 0.02578125 0.059722222222222225
5 0.376953125 0.5944444444444444 0.0265625 0.05694444444444444
5 0.443359375 0.6604166666666667 0.02265625 0.05694444444444444
5 0.44765625 0.6173611111111111 0.02734375 0.05694444444444444
2 0.46796875 0.2986111111111111 0.025 0.034722222222222224
2 0.450390625 0.2743055555555556 0.0171875 0.03333333333333333
3 0.418359375 0.27291666666666664 0.01796875 0.03194444444444444
3 0.637109375 0.8840277777777777 0.0453125 0.10555555555555556
3 0.606640625 0.80625 0.0375 0.1111111111111111
3 0.5609375 0.9159722222222222 0.04296875 0.1375
3 0.492578125 0.9034722222222222 0.040625 0.09722222222222222
3 0.455078125 0.9576388888888889 0.04609375 0.08472222222222223
3 0.3921875 0.8354166666666667 0.03828125 0.12361111111111112
3 0.36015625 0.8069444444444445 0.03515625 0.07777777777777778
3 0.427734375 0.8951388888888889 0.04296875 0.12777777777777777
3 0.486328125 0.7381944444444445 0.03125 0.07361111111111111
3 0.33828125 0.5986111111111111 0.03046875 0.06666666666666667
3 0.378125 0.48541666666666666 0.0234375 0.06388888888888888
3 0.398828125 0.4388888888888889 0.0203125 0.05555555555555555
3 0.50390625 0.5104166666666666 0.02265625 0.05138888888888889
3 0.497265625 0.4361111111111111 0.02109375 0.05416666666666667
3 0.45390625 0.3888888888888889 0.01875 0.044444444444444446