2 0.514453125 0.2548611111111111 0.0515625 0.07777777777777778
4 0.444140625 0.35555555555555557 0.078125 0.11944444444444445
2 0.342578125 0.575 0.1421875 0.2
2 0.559375 0.19444444444444445 0.03515625 0.05138888888888889
2 0.598046875 0.4083333333333333 0.07265625 0.12222222222222222
5 0.348828125 0.4097222222222222 0.03203125 0.07222222222222222
5 0.15546875 0.6625 0.03828125 0.09166666666666666
5 0.365625 0.725 0.046875 0.09861111111111111
5 0.385546875 0.8423611111111111 0.05 0.1
5 0.45859375 0.7458333333333333 0.046875 0.09166666666666666
5 0.45703125 0.6305555555555555 0.0390625 0.08611111111111111
5 0.491015625 0.5131944444444444 0.03359375 0.06388888888888888
5 0.6890625 0.6555555555555556 0.0453125 0.09722222222222222
5 0.6828125 0.7701388888888889 0.05234375 0.09861111111111111
5 0.729296875 0.8368055555555556 0.053125 0.09444444444444444
5 0.648828125 0.4388888888888889 0.03203125 0.05694444444444444
5 0.66484375 0.4111111111111111 0.02421875 0.05277777777777778
5 0.555859375 0.2708333333333333 0.01875 0.041666666666666664
5 0.5671875 0.2465277777777778 0.0171875 0.04027777777777778
5 0.63203125 0.23541666666666666 0.015625 0.03333333333333333
5 0.662890625 0.2013888888888889 0.01484375 0.027777777777777776
5 0.635546875 0.15694444444444444 0.01015625 0.022222222222222223
5 0.673828125 0.3763888888888889 0.02265625 0.04027777777777778
3 0.55546875 0.29375 0.02109375 0.05277777777777778
3 0.5671875 0.27569444444444446 0.015625 0.04027777777777778
3 0.633203125 0.25625 0.01796875 0.041666666666666664
3 0.690625 0.24930555555555556 0.01875 0.044444444444444446
3 0.65078125 0.1875 0.01640625 0.03333333333333333
3 0.63671875 0.16805555555555557 0.01328125 0.03194444444444444
3 0.66796875 0.44305555555555554 0.02265625 0.05694444444444444
3 0.63828125 0.6555555555555556 0.04921875 0.13194444444444445
3 0.48203125 0.6305555555555555 0.04296875 0.11666666666666667
3 0.44765625 0.6951388888888889 0.03828125 0.08888888888888889
3 0.45234375 0.8270833333333333 0.05546875 0.15138888888888888
3 0.353515625 0.7909722222222222 0.04609375 0.125
3 0.382421875 0.9256944444444445 0.06953125 0.1486111111111111
3 0.682421875 0.8652777777777778 0.05625 0.15833333333333333
3 0.685546875 0.7118055555555556 0.05234375 0.09166666666666666
2 0.56875 0.7888888888888889 0.1578125 0.375
2 0.571484375 0.5368055555555555 0.09453125 0.1986111111111111
2 0.584765625 0.34791666666666665 0.06953125 0.13333333333333333
2 0.6578125 0.3451388888888889 0.06328125 0.12777777777777777
2 0.60234375 0.28680555555555554 0.05390625 0.09444444444444444
2 0.656640625 0.275 0.0453125 0.075
2 0.66484375 0.24305555555555555 0.0375 0.07361111111111111
2 0.620703125 0.21805555555555556 0.03125 0.05416666666666667
2 0.603515625 0.2388888888888889 0.03359375 0.05138888888888889
2 0.603515625 0.20069444444444445 0.02734375 0.04722222222222222
2 0.781640625 0.23472222222222222 0.046875 0.0763888888888889
2 0.621875 0.14097222222222222 0.02734375 0.04583333333333333