2 0.4609375 0.22430555555555556 0.046875 0.06111111111111111
5 0.035546875 0.7395833333333334 0.07109375 0.15694444444444444
5 0.09765625 0.5986111111111111 0.0578125 0.1388888888888889
5 0.316796875 0.3416666666666667 0.02578125 0.06805555555555555
5 0.3890625 0.3909722222222222 0.03515625 0.08055555555555556
5 0.4234375 0.34375 0.02421875 0.058333333333333334
5 0.249609375 0.4791666666666667 0.0375 0.08472222222222223
5 0.333203125 0.4131944444444444 0.034375 0.0763888888888889
3 0.38203125 0.49722222222222223 0.05078125 0.13333333333333333
3 0.545703125 0.8736111111111111 0.05859375 0.17777777777777778
3 0.626171875 0.8972222222222223 0.0546875 0.16111111111111112
3 0.679296875 0.8423611111111111 0.053125 0.15416666666666667
3 0.750390625 0.8256944444444444 0.04609375 0.11388888888888889
5 0.565625 0.6986111111111111 0.0390625 0.1125
5 0.627734375 0.6861111111111111 0.0390625 0.1
3 0.57734375 0.6638888888888889 0.0375 0.09305555555555556
3 0.65625 0.7076388888888889 0.040625 0.10972222222222222
3 0.728125 0.6736111111111112 0.03984375 0.09027777777777778
2 0.221484375 0.7319444444444444 0.21484375 0.3347222222222222
2 0.45390625 0.7631944444444444 0.1453125 0.3194444444444444
2 0.48671875 0.5284722222222222 0.11015625 0.22777777777777777
2 0.451171875 0.3125 0.08203125 0.12361111111111112
5 0.40390625 0.25 0.025 0.05555555555555555
3 0.59140625 0.38263888888888886 0.03359375 0.10694444444444444
3 0.70625 0.4173611111111111 0.0359375 0.10277777777777777
3 0.63359375 0.23333333333333334 0.02734375 0.08194444444444444
2 0.53984375 0.41875 0.07578125 0.15694444444444444
2 0.63984375 0.3888888888888889 0.08515625 0.22083333333333333
2 0.570703125 0.30694444444444446 0.075 0.14305555555555555
2 0.585546875 0.23680555555555555 0.05234375 0.09166666666666666
2 0.60625 0.16180555555555556 0.03359375 0.06805555555555555
2 0.539453125 0.16597222222222222 0.04609375 0.07222222222222222
2 0.680078125 0.1798611111111111 0.03671875 0.06666666666666667
3 0.675 0.3034722222222222 0.028125 0.06944444444444445
3 0.542578125 0.23125 0.02109375 0.07083333333333333
3 0.50546875 0.16041666666666668 0.01953125 0.0625
2 0.56953125 0.12361111111111112 0.03125 0.044444444444444446
3 0.7171875 0.3229166666666667 0.028125 0.09027777777777778
2 0.65546875 0.1486111111111111 0.02734375 0.05138888888888889
2 0.67890625 0.12430555555555556 0.028125 0.04722222222222222
2 0.613671875 0.07222222222222222 0.0203125 0.03333333333333333
2 0.584765625 0.10208333333333333 0.02421875 0.043055555555555555
5 0.581640625 0.5972222222222222 0.03359375 0.07777777777777778
5 0.5515625 0.7763888888888889 0.046875 0.11527777777777778
3 0.603515625 0.6201388888888889 0.03359375 0.11527777777777778
3 0.640234375 0.6340277777777777 0.03046875 0.0875
5 0.661328125 0.6395833333333333 0.03203125 0.08194444444444444
5 0.63359375 0.8027777777777778 0.04375 0.11805555555555555
5 0.6890625 0.7458333333333333 0.04296875 0.10138888888888889
5 0.75234375 0.7458333333333333 0.04453125 0.09305555555555556
5 0.728125 0.6201388888888889 0.0265625 0.06527777777777778