2 0.31475 0.5695972222222222 0.11457031249999998 0.13931944444444436
2 0.095046875 0.8822777777777778 0.1881875 0.23544444444444443
2 0.3139375 0.7320138888888889 0.15569531249999996 0.22487500000000005
2 0.4644453125 0.8031527777777777 0.13401562499999997 0.25856944444444446
2 0.518875 0.6284305555555556 0.10699218750000003 0.18763888888888886
2 0.49948437500000004 0.3925138888888889 0.05381249999999991 0.08530555555555554
2 0.5676640625 0.3142361111111111 0.035093750000000055 0.062333333333333324
2 0.57578125 0.4671527777777778 0.057375000000000044 0.10513888888888895
2 0.6062265625000001 0.4106666666666667 0.04410156250000004 0.09763888888888883
2 0.5936953125 0.349875 0.0345703125 0.05687499999999998
2 0.609359375 0.33061111111111113 0.03207031249999996 0.06861111111111112
2 0.6400625 0.5134305555555556 0.057351562500000064 0.13836111111111113
2 0.64915625 0.4431527777777778 0.04669531249999999 0.07927777777777784
6 0.7135078125 0.5574722222222223 0.058351562500000044 0.0975416666666667
5 0.4439296875 0.386625 0.017648437499999937 0.04375
5 0.4531328125 0.4189861111111111 0.01908593750000005 0.045819444444444454
5 0.477796875 0.3524583333333333 0.015335937500000086 0.034180555555555533
5 0.5377421874999999 0.3824166666666666 0.01515625000000007 0.04227777777777785
5 0.5471640625 0.3430972222222222 0.014414062500000036 0.038666666666666634
5 0.5340234374999999 0.3108194444444444 0.010765624999999978 0.02283333333333333
5 0.53471875 0.3296111111111111 0.012851562500000035 0.031027777777777744
5 0.5532109375 0.29129166666666667 0.010671875000000063 0.024777777777777742
5 0.16115625 0.91525 0.04332031249999999 0.11293055555555548
5 0.261078125 0.8972361111111111 0.058835937500000046 0.11847222222222216
5 0.38115625 0.9149861111111111 0.044570312499999966 0.12175000000000011
5 0.431015625 0.9238194444444444 0.04962499999999999 0.11806944444444444
5 0.4791875 0.948486111111111 0.055570312499999906 0.10301388888888899
5 0.5334140625 0.8692361111111111 0.043953124999999996 0.09851388888888898
5 0.548828125 0.9555555555555556 0.04609375 0.08888888888888889
5 0.5834140624999999 0.8411666666666666 0.038429687500000045 0.09309722222222218
5 0.556203125 0.7828194444444444 0.03932031249999994 0.09366666666666675
5 0.633015625 0.8818333333333332 0.04235937500000002 0.10969444444444447
5 0.6785859375000001 0.8220972222222221 0.044914062500000004 0.1074583333333335
5 0.7384765625 0.84125 0.04558593749999993 0.09852777777777785
5 0.7924140625 0.8433472222222222 0.039281250000000066 0.08872222222222237
5 0.687796875 0.9101527777777777 0.041671874999999935 0.08759722222222213
5 0.6014296875 0.722013888888889 0.04119531250000001 0.0945277777777777
5 0.5890390625 0.5960694444444444 0.03451562500000005 0.07291666666666667
5 0.5462265625 0.5071111111111111 0.023304687499999942 0.0549583333333334
5 0.566890625 0.7012222222222222 0.02921093750000008 0.06344444444444446
5 0.63825 0.7822083333333334 0.040023437500000016 0.08194444444444444
5 0.570046875 0.4086944444444444 0.014710937499999943 0.032027777777777704
5 0.6437734374999999 0.37345833333333334 0.014554687500000085 0.032055555555555615
5 0.6551171874999999 0.32761111111111113 0.010906250000000029 0.02361111111111111
5 0.64353125 0.3415138888888889 0.011539062499999985 0.02205555555555555
5 0.6440390625 0.30904166666666666 0.010132812500000022 0.026222222222222216
5 0.6701796875 0.3190972222222222 0.011875000000000035 0.02474999999999999
5 0.68184375 0.31154166666666666 0.009507812500000056 0.01913888888888885
5 0.683640625 0.34043055555555557 0.010609374999999944 0.020763888888888873
5 0.6728046875 0.38598611111111114 0.011289062500000035 0.02634722222222226
5 0.6981875 0.39888888888888885 0.014929687499999922 0.03229166666666667
5 0.7134921875 0.42661111111111116 0.013734374999999943 0.030722222222222227
5 0.6949609375 0.4630138888888889 0.017117187500000065 0.03943055555555554
5 0.71696875 0.4968194444444444 0.016023437499999994 0.041569444444444374
5 0.684265625 0.40801388888888884 0.012179687499999935 0.03113888888888883
5 0.6312265625 0.5665972222222222 0.03432031250000005 0.047777777777777745
3 0.6439375 0.32618055555555553 0.011804687499999921 0.023763888888888907
3 0.655359375 0.34770833333333334 0.012132812499999979 0.03472222222222226
3 0.6702578124999999 0.3395138888888889 0.01389062499999998 0.033555555555555554
3 0.6810390625 0.3293055555555556 0.011101562500000028 0.024944444444444415
3 0.6444140625 0.38925 0.017312500000000064 0.040111111111111104
3 0.670703125 0.4063888888888889 0.013367187499999923 0.03216666666666662
3 0.6825390625 0.35863888888888895 0.013273437500000007 0.027041666666666703
3 0.6812734375 0.3807777777777778 0.012789062499999915 0.02723611111111113
3 0.6990546875 0.4257361111111111 0.018593749999999964 0.040625
3 0.71328125 0.4569166666666667 0.015078124999999965 0.03995833333333331
3 0.6955625000000001 0.4951805555555555 0.0201171875 0.04811111111111109
3 0.5441953125000001 0.533875 0.020140624999999978 0.03579166666666664
3 0.5232578125 0.9429027777777778 0.035546875 0.1035416666666666
3 0.578546875 0.9193333333333332 0.045781249999999926 0.11163888888888872
3 0.5497109375 0.819763888888889 0.03670312500000002 0.07508333333333325
3 0.60209375 0.7796944444444445 0.040078124999999964 0.09069444444444438
3 0.636421875 0.8298055555555556 0.037023437500000075 0.07451388888888902
3 0.6321953125 0.9394583333333333 0.04546875000000004 0.12108333333333342
3 0.67559375 0.8815138888888889 0.04344531249999992 0.09720833333333334
3 0.7309375 0.7962916666666667 0.039359375000000085 0.07863888888888873
3 0.682359375 0.776875 0.03330468750000008 0.07379166666666682
3 0.7336796875 0.9204722222222222 0.04132031250000008 0.12438888888888881
3 0.79234375 0.9155833333333334 0.041414062500000084 0.12965277777777764