2 0.30842187499999996 0.7764583333333333 0.148921875 0.20156944444444452
2 0.54253125 0.57525 0.08848437499999999 0.14283333333333337
2 0.44996875000000003 0.49566666666666664 0.07189843749999998 0.10097222222222228
2 0.5395 0.3519861111111111 0.04701562500000005 0.06598611111111109
2 0.573828125 0.46431944444444445 0.06632812500000007 0.09309722222222218
2 0.5993046875 0.3525277777777778 0.03621093749999993 0.06876388888888887
2 0.6066328125 0.4059027777777778 0.03828906249999999 0.08056944444444443
2 0.6585468750000001 0.3272777777777778 0.027796874999999943 0.033513888888888885
2 0.61709375 0.3102361111111111 0.02355468750000007 0.05493055555555557
2 0.658484375 0.38506944444444446 0.03753906249999996 0.08695833333333335
3 0.41525 0.8875555555555555 0.03857812500000004 0.08352777777777792
3 0.5235859375 0.9422777777777779 0.03410156250000007 0.1007777777777777
3 0.578421875 0.9170416666666666 0.04090624999999992 0.11672222222222217
3 0.629828125 0.9414166666666668 0.04377343749999998 0.11716666666666653
3 0.679421875 0.9593194444444445 0.03571875000000002 0.08136111111111101
3 0.5471953125 0.82325 0.03358593750000001 0.07395833333333333
3 0.6359296875 0.8274166666666667 0.037171874999999945 0.08820833333333332
3 0.6778906250000001 0.8764027777777778 0.04324218749999993 0.09565277777777763
3 0.601734375 0.7811388888888888 0.03357031250000002 0.09136111111111107
3 0.6061953124999999 0.5894305555555556 0.03364843749999995 0.08513888888888882
3 0.6257890625 0.5230138888888889 0.023539062500000086 0.060486111111111046
3 0.6602265625 0.5736527777777778 0.02973437499999996 0.048166666666666594
3 0.7166484375 0.4849861111111111 0.016890624999999916 0.05530555555555562
3 0.7447734374999999 0.5201527777777778 0.018203124999999966 0.046388888888888855
3 0.7579140625 0.4692777777777778 0.01843749999999993 0.050125000000000045
3 0.7624531250000001 0.43168055555555557 0.015273437499999964 0.05080555555555561
3 0.5548203125 0.4118611111111111 0.01688281249999992 0.037861111111111095
3 0.5722109375 0.398625 0.016335937500000064 0.03923611111111111
3 0.6790468749999999 0.3358888888888889 0.010953124999999985 0.029611111111111102
5 0.67903125 0.32080555555555557 0.011281250000000043 0.022874999999999958
5 0.5723828125 0.36641666666666667 0.016234374999999978 0.03640277777777779
5 0.5547265625 0.38587499999999997 0.018312500000000044 0.03690277777777785
5 0.7171015625 0.4504444444444444 0.02042968750000007 0.03706944444444452
5 0.75465625 0.403 0.016562500000000036 0.034680555555555596
5 0.7545468750000001 0.4439166666666667 0.016421874999999985 0.03299999999999999
5 0.737671875 0.4876527777777778 0.02173437499999995 0.04547222222222223
5 0.6288828125 0.4874027777777778 0.027492187500000043 0.05109722222222217
5 0.609390625 0.5481111111111111 0.024906250000000085 0.04851388888888882
5 0.6616640625 0.5501111111111111 0.026328125000000036 0.061347222222222164
5 0.5769140625 0.6331944444444444 0.025500000000000078 0.04934722222222218
5 0.6148671875 0.642875 0.020273437500000036 0.04009722222222223
5 0.5641171875000001 0.7108333333333334 0.030000000000000072 0.0736666666666667
5 0.602421875 0.7256527777777778 0.030867187499999994 0.07804166666666675
5 0.5557109375 0.780375 0.03680468749999992 0.08547222222222217
5 0.63934375 0.7850416666666666 0.03510937500000004 0.08156944444444447
5 0.6779140625 0.8083194444444445 0.03801562500000007 0.08608333333333336
5 0.6892109375000001 0.9095000000000001 0.04439062499999995 0.10176388888888886
5 0.6331640625 0.8820694444444445 0.04265624999999993 0.10012499999999988
5 0.581765625 0.8443333333333333 0.03729687500000001 0.08872222222222237
5 0.5309999999999999 0.8712083333333334 0.046578124999999915 0.09361111111111124
5 0.483375 0.9461666666666667 0.0458984375 0.10766666666666665
5 0.549265625 0.9510555555555555 0.04181249999999999 0.09788888888888891
5 0.41694531250000005 0.8206111111111112 0.050359375000000026 0.09088888888888896
5 0.389953125 0.920125 0.04905468749999997 0.1260277777777778
5 0.343359375 0.5000555555555556 0.02517187500000002 0.06027777777777775
5 0.36996093750000003 0.45694444444444443 0.026070312500000005 0.05705555555555561
5 0.07032812499999999 0.8612222222222223 0.0527109375 0.11805555555555555
2 0.49309375 0.7419583333333334 0.10796875000000003 0.23076388888888894
6 0.710765625 0.5608472222222223 0.05486718750000001 0.0957916666666667