2 0.25334375 0.7283194444444444 0.16657812500000002 0.21236111111111117
2 0.4910859375 0.3298194444444444 0.060843749999999905 0.08488888888888886
2 0.3698203125 0.45420833333333327 0.10021874999999998 0.1325833333333334
2 0.601890625 0.42666666666666664 0.06727343749999992 0.11795833333333326
5 0.251203125 0.4678333333333333 0.03116406249999999 0.07855555555555564
5 0.3540546875 0.6997361111111111 0.04903906249999999 0.10254166666666673
5 0.36575 0.8286527777777778 0.04672656250000005 0.09341666666666665
5 0.44504687499999995 0.7365555555555556 0.049093749999999936 0.09931944444444443
5 0.44800000000000006 0.6345555555555555 0.03982812500000001 0.0935416666666667
5 0.488953125 0.5091666666666667 0.03376562500000002 0.061152777777777736
5 0.6843671875 0.7625694444444444 0.042367187500000014 0.08123611111111112
5 0.71246875 0.8531666666666666 0.04249218750000008 0.08583333333333328
5 0.6498359375 0.4677361111111111 0.025632812499999956 0.06729166666666674
5 0.6693203125 0.4371805555555555 0.022609375000000043 0.05201388888888895
5 0.6643984374999999 0.2286111111111111 0.015320312499999923 0.031263888888888876
5 0.5668359374999999 0.2797638888888889 0.013539062499999944 0.032013888888888904
5 0.58040625 0.25275 0.012507812499999993 0.026861111111111075
5 0.4867734375 0.22281944444444446 0.012453125000000042 0.02936111111111109
5 0.51375 0.2433888888888889 0.014609375000000036 0.0294027777777778
5 0.5244375 0.2110138888888889 0.013874999999999993 0.02981944444444448
5 0.5916171875 0.16269444444444445 0.010945312499999993 0.020388888888888897
3 0.6628125 0.2480277777777778 0.01769531250000007 0.04087500000000001
3 0.5648359375 0.3071111111111111 0.01981249999999992 0.04961111111111115
3 0.5776875 0.28955555555555557 0.014929687499999922 0.04243055555555557
3 0.43589062500000003 0.8216388888888889 0.04677343749999992 0.14325000000000013
3 0.3609375 0.9208333333333333 0.0671875 0.15833333333333333
3 0.3452265625 0.7648333333333333 0.04849218750000004 0.14259722222222224
3 0.4750546875 0.6269305555555555 0.03492187500000003 0.10968055555555559
3 0.43775000000000003 0.6825833333333332 0.04603125000000006 0.09716666666666664
3 0.6301171875 0.6807777777777779 0.04146093749999995 0.1250555555555556
3 0.6702578124999999 0.8361388888888889 0.048507812499999935 0.1548055555555556
3 0.66690625 0.4716388888888889 0.029312499999999984 0.06394444444444439
3 0.8755078125000001 0.3570138888888889 0.019484375000000043 0.043027777777777804
2 0.551703125 0.79175 0.13532812500000002 0.3770138888888889
2 0.5710703125000001 0.5507361111111111 0.09282031249999996 0.18687499999999993
2 0.592515625 0.36441666666666667 0.06898437499999996 0.12323611111111113
2 0.6110625 0.3083472222222222 0.05096093750000001 0.09787500000000003
2 0.7959921875 0.2816388888888889 0.04440624999999994 0.08168055555555556