2 0.4786015625 0.6225694444444444 0.070515625 0.11444444444444442
5 0.314265625 0.5480694444444445 0.030570312499999995 0.0728055555555555
5 0.25825 0.8055416666666667 0.054648437500000036 0.1441111111111111
5 0.073515625 0.7746666666666666 0.052609375 0.10443055555555564
5 0.3438203125 0.5814861111111111 0.03867968749999999 0.07600000000000004
5 0.33671093750000003 0.9121944444444444 0.04152343749999998 0.09737499999999986
5 0.3925859375 0.9359722222222222 0.045789062499999963 0.11458333333333333
5 0.3671328125 0.8338055555555556 0.040953124999999965 0.08620833333333325
5 0.3967109375 0.7448055555555555 0.028437499999999984 0.0780694444444445
5 0.4459140625 0.8239583333333333 0.04152343750000007 0.11200000000000014
5 0.5073359375 0.8345694444444445 0.044929687499999996 0.09683333333333337
5 0.488 0.9238333333333333 0.04379687499999996 0.10851388888888873
5 0.547578125 0.8932361111111111 0.04180468749999999 0.09888888888888896
5 0.5254453125 0.7634305555555555 0.03128124999999997 0.07694444444444457
5 0.57340625 0.8082222222222222 0.04542968750000007 0.09727777777777773
5 0.6706171875 0.8249583333333333 0.034265624999999925 0.0975416666666667
5 0.6286953125 0.5700694444444444 0.02985156250000003 0.058458333333333376
5 0.552375 0.6231527777777778 0.025960937500000014 0.04972222222222216
5 0.5962500000000001 0.35366666666666663 0.012632812500000057 0.024555555555555525
5 0.5839296875 0.31931944444444443 0.009289062500000079 0.019333333333333355
5 0.5770703125 0.29769444444444443 0.009031249999999958 0.018388888888888903
5 0.619984375 0.4025 0.014046875000000014 0.031652777777777724
5 0.533875 0.3613333333333334 0.012109375 0.027208333333333338
5 0.5584609375 0.31136111111111114 0.009148437500000028 0.02191666666666663
5 0.43317187500000004 0.38404166666666667 0.016710937500000078 0.03576388888888889
5 0.5915625 0.2813472222222222 0.00845312499999995 0.01597222222222222
5 0.57475 0.27234722222222224 0.00786718749999995 0.019986111111111093
3 0.3638671875 0.8845972222222221 0.042695312499999985 0.08591666666666653
3 0.43753125 0.9171250000000001 0.046453125000000026 0.12762500000000013
3 0.39365625 0.8099444444444444 0.04504687500000002 0.13012500000000007
3 0.5468515625 0.953763888888889 0.04551562499999999 0.09247222222222212
3 0.50790625 0.8979444444444444 0.03800781250000007 0.08924999999999998
3 0.6094921875 0.8324583333333333 0.04035156250000007 0.12177777777777786
3 0.571015625 0.8891805555555556 0.047859374999999996 0.13512499999999994
3 0.6618046875 0.8979444444444444 0.03800781250000007 0.1176111111111112
3 0.640921875 0.8061805555555556 0.03471875000000004 0.10093055555555566
3 0.5140078124999999 0.747375 0.02767968750000005 0.08008333333333337
3 0.6301328125000001 0.5989027777777778 0.031906249999999935 0.0650555555555556
3 0.6201328125 0.42800000000000005 0.014664062499999986 0.046638888888888945
3 0.5956328125 0.37701388888888887 0.013250000000000029 0.03337499999999996
3 0.5342890625 0.3807777777777778 0.015046874999999993 0.038180555555555565
3 0.58321875 0.33575 0.012085937500000022 0.029500000000000012
3 0.558015625 0.329 0.011320312500000007 0.023319444444444472
3 0.5755703125 0.31127777777777776 0.00990625000000005 0.02080555555555558
3 0.5911953125 0.31481944444444443 0.010289062500000057 0.02102777777777776