2 0.1819140625 0.7951666666666667 0.2292578125 0.34334722222222225
2 0.3351953125 0.4977638888888889 0.12690624999999994 0.17548611111111115
2 0.45969531249999995 0.76325 0.13574999999999998 0.333375
2 0.48738281250000004 0.5390833333333334 0.11325000000000003 0.22813888888888886
2 0.5372578125 0.43593055555555554 0.07965625000000003 0.16988888888888884
2 0.4457890625 0.25508333333333333 0.06428124999999998 0.09887499999999999
2 0.5663125 0.3034722222222222 0.06750000000000007 0.1403888888888889
2 0.6388828125 0.375625 0.08196093750000007 0.20544444444444437
2 0.519359375 0.17615277777777777 0.04764843750000001 0.07555555555555557
2 0.6757265625 0.15933333333333333 0.03546093750000008 0.06918055555555556
3 0.5595859375 0.8722638888888888 0.06121093749999993 0.1698888888888888
3 0.631296875 0.8889583333333333 0.05422656250000006 0.14027777777777778
5 0.584578125 0.5915555555555556 0.04154687500000005 0.08279166666666668
3 0.6279453125 0.733125 0.03632031250000001 0.0890416666666666
3 0.664734375 0.708875 0.04458593749999995 0.12208333333333338
3 0.6881796875 0.31344444444444447 0.020359374999999957 0.06152777777777779
3 0.6822890625 0.25984722222222223 0.018421874999999942 0.0514305555555556
5 0.7100078125 0.32356944444444447 0.02461718749999999 0.05394444444444441
5 0.17879687500000002 0.5472638888888889 0.03400781249999998 0.07127777777777784
3 0.53659375 0.2465277777777778 0.02053124999999998 0.053402777777777764
3 0.5526093750000001 0.22940277777777776 0.01696093750000003 0.04983333333333333
5 0.5625625000000001 0.17319444444444446 0.016539062500000055 0.033902777777777775
3 0.7366484375 0.30618055555555557 0.03029687499999998 0.06962499999999999
5 0.68303125 0.2219722222222222 0.015789062500000027 0.042555555555555534
5 0.6909140625 0.27923611111111113 0.018906250000000034 0.03234722222222225
5 0.5607734375 0.7648611111111112 0.046117187499999976 0.10856944444444447
5 0.573640625 0.6822777777777778 0.04794531249999991 0.08798611111111107
5 0.6388046875 0.785888888888889 0.03939843750000005 0.08704166666666677
5 0.6638359375 0.6325555555555555 0.04087499999999995 0.0808333333333334
5 0.6268046875 0.6634305555555555 0.035453125000000085 0.07490277777777771
3 0.60653125 0.6290277777777777 0.026640624999999928 0.12093055555555547