2 0.78515625 0.6354166666666666 0.20625 0.3
2 0.56171875 0.7430555555555556 0.16875 0.3625
2 0.51796875 0.5270833333333333 0.12890625 0.25555555555555554
2 0.457421875 0.44027777777777777 0.08671875 0.1763888888888889
2 0.416796875 0.3173611111111111 0.08125 0.14305555555555555
2 0.349609375 0.41597222222222224 0.10234375 0.23194444444444445
2 0.393359375 0.24444444444444444 0.0546875 0.08472222222222223
2 0.29765625 0.21666666666666667 0.04296875 0.08472222222222223
2 0.3703125 0.19166666666666668 0.04296875 0.07916666666666666
5 0.596484375 0.3125 0.0359375 0.06805555555555555
5 0.60703125 0.2708333333333333 0.02890625 0.0625
5 0.578515625 0.22777777777777777 0.028125 0.058333333333333334
5 0.539453125 0.24583333333333332 0.028125 0.05
5 0.49609375 0.22013888888888888 0.02421875 0.05138888888888889
3 0.290234375 0.4166666666666667 0.03125 0.08194444444444444
3 0.312890625 0.30069444444444443 0.021875 0.058333333333333334
5 0.46796875 0.7875 0.07265625 0.1361111111111111
5 0.446484375 0.6909722222222222 0.053125 0.1
3 0.4078125 0.6479166666666667 0.04453125 0.11388888888888889
5 0.3921875 0.8180555555555555 0.06640625 0.12916666666666668
5 0.387109375 0.7034722222222223 0.04921875 0.08611111111111111
3 0.353515625 0.7277777777777777 0.06015625 0.1986111111111111
5 0.43515625 0.22916666666666666 0.0171875 0.04027777777777778
5 0.4203125 0.2152777777777778 0.015625 0.03333333333333333
3 0.479296875 0.8840277777777777 0.07265625 0.18611111111111112
3 0.406640625 0.9201388888888888 0.06328125 0.1597222222222222
5 0.346484375 0.6791666666666667 0.04453125 0.09166666666666666
5 0.43125 0.6138888888888889 0.0390625 0.0875
3 0.371875 0.6708333333333333 0.04296875 0.1
3 0.39375 0.7652777777777777 0.04921875 0.10277777777777777