2 0.598046875 0.5270833333333333 0.07109375 0.1
2 0.71015625 0.7736111111111111 0.1328125 0.16666666666666666
2 0.519921875 0.6201388888888889 0.07734375 0.11805555555555555
2 0.423828125 0.5611111111111111 0.06875 0.10972222222222222
2 0.952734375 0.96875 0.06015625 0.0625
2 0.4890625 0.3416666666666667 0.0296875 0.044444444444444446
5 0.575 0.39375 0.0171875 0.041666666666666664
2 0.530859375 0.4097222222222222 0.05 0.08194444444444444
5 0.728125 0.5631944444444444 0.025 0.06388888888888888
5 0.56015625 0.3597222222222222 0.015625 0.03333333333333333
5 0.526953125 0.3347222222222222 0.01328125 0.034722222222222224
5 0.5203125 0.3486111111111111 0.0125 0.03611111111111111
5 0.49609375 0.40694444444444444 0.01796875 0.041666666666666664
5 0.454296875 0.36527777777777776 0.0171875 0.03888888888888889
5 0.398046875 0.4076388888888889 0.015625 0.034722222222222224
5 0.37890625 0.4486111111111111 0.01953125 0.043055555555555555
5 0.503125 0.47430555555555554 0.02109375 0.04861111111111111
5 0.5125 0.5368055555555555 0.02578125 0.05277777777777778
5 0.66015625 0.9152777777777777 0.03828125 0.09166666666666666
5 0.629296875 0.8305555555555556 0.034375 0.08055555555555556
5 0.596484375 0.7444444444444445 0.03125 0.0625
5 0.5515625 0.8256944444444444 0.03515625 0.09722222222222222
5 0.607421875 0.9319444444444445 0.04375 0.10416666666666667
5 0.506640625 0.9291666666666667 0.053125 0.1125
5 0.47265625 0.7583333333333333 0.0359375 0.07083333333333333
5 0.48671875 0.8354166666666667 0.04296875 0.08888888888888889
5 0.45 0.8868055555555555 0.03984375 0.09583333333333334
5 0.42265625 0.8020833333333334 0.046875 0.08888888888888889
5 0.387890625 0.9333333333333333 0.0421875 0.09027777777777778
5 0.335546875 0.5611111111111111 0.0265625 0.06111111111111111
5 0.376171875 0.5909722222222222 0.02734375 0.05694444444444444
5 0.441796875 0.6583333333333333 0.0234375 0.058333333333333334
5 0.446484375 0.6152777777777778 0.028125 0.05694444444444444
2 0.469921875 0.29791666666666666 0.025 0.03611111111111111
2 0.452734375 0.27291666666666664 0.01796875 0.03333333333333333
3 0.4203125 0.2701388888888889 0.01796875 0.03333333333333333
3 0.633203125 0.8881944444444444 0.046875 0.10694444444444444
3 0.603515625 0.8097222222222222 0.03828125 0.1125
3 0.556640625 0.9180555555555555 0.04453125 0.1388888888888889
3 0.48828125 0.9034722222222222 0.04140625 0.09861111111111111
3 0.45078125 0.95625 0.046875 0.08611111111111111
3 0.3890625 0.8326388888888889 0.03984375 0.125
3 0.35703125 0.8027777777777778 0.0359375 0.07916666666666666
3 0.423828125 0.8923611111111112 0.04453125 0.12916666666666668
3 0.483984375 0.7375 0.03203125 0.075
3 0.337109375 0.59375 0.03125 0.06805555555555555
3 0.378125 0.48194444444444445 0.02421875 0.06388888888888888
3 0.399609375 0.4354166666666667 0.02109375 0.05555555555555555
3 0.50390625 0.5104166666666666 0.0234375 0.05277777777777778
3 0.49765625 0.4361111111111111 0.021875 0.05416666666666667
3 0.455078125 0.3875 0.01953125 0.044444444444444446