2 0.43125 0.39861111111111114 0.0828125 0.11666666666666667
2 0.50390625 0.26944444444444443 0.0515625 0.07083333333333333
5 0.421875 0.3215277777777778 0.01796875 0.04583333333333333
2 0.78671875 0.24513888888888888 0.0484375 0.06805555555555555
4 0.26875 0.6888888888888889 0.1875 0.2902777777777778
5 0.362890625 0.7152777777777778 0.04453125 0.09166666666666666
5 0.384375 0.8368055555555556 0.04765625 0.09722222222222222
5 0.458203125 0.7381944444444445 0.04453125 0.09444444444444444
5 0.456640625 0.6381944444444444 0.046875 0.09027777777777778
5 0.48984375 0.5145833333333333 0.03671875 0.06666666666666667
5 0.312890625 0.4388888888888889 0.02890625 0.06388888888888888
5 0.35703125 0.39652777777777776 0.028125 0.05555555555555555
5 0.6875 0.6645833333333333 0.0484375 0.09722222222222222
5 0.6796875 0.7743055555555556 0.04765625 0.09861111111111111
5 0.725 0.8444444444444444 0.05390625 0.1
5 0.648046875 0.4465277777777778 0.03515625 0.06666666666666667
5 0.667578125 0.4215277777777778 0.02578125 0.06805555555555555
5 0.675390625 0.3902777777777778 0.02421875 0.04722222222222222
5 0.634375 0.2375 0.01640625 0.0375
5 0.5578125 0.2673611111111111 0.01640625 0.03611111111111111
5 0.57109375 0.2569444444444444 0.0140625 0.03333333333333333
5 0.5453125 0.21180555555555555 0.01484375 0.030555555555555555
5 0.5828125 0.21388888888888888 0.01171875 0.02638888888888889
5 0.64921875 0.17569444444444443 0.01328125 0.025
2 0.626171875 0.16805555555555557 0.02734375 0.04861111111111111
2 0.60703125 0.20208333333333334 0.03046875 0.04861111111111111
2 0.624609375 0.22013888888888888 0.03359375 0.05277777777777778
2 0.662890625 0.22152777777777777 0.03671875 0.06944444444444445
2 0.60703125 0.24375 0.0359375 0.05138888888888889
2 0.661328125 0.2826388888888889 0.04921875 0.07777777777777778
2 0.603515625 0.2951388888888889 0.05 0.09305555555555556
2 0.586328125 0.3527777777777778 0.06875 0.12916666666666668
2 0.6609375 0.3541666666666667 0.0578125 0.11944444444444445
2 0.60234375 0.42986111111111114 0.08046875 0.16805555555555557
2 0.57421875 0.5458333333333333 0.09140625 0.1875
2 0.56796875 0.7881944444444444 0.1546875 0.37083333333333335
3 0.35390625 0.7875 0.04921875 0.12361111111111112
3 0.380859375 0.93125 0.06640625 0.1375
3 0.448046875 0.8284722222222223 0.06015625 0.14444444444444443
3 0.478125 0.6305555555555555 0.040625 0.11388888888888889
3 0.44609375 0.6965277777777777 0.0515625 0.125
3 0.678125 0.86875 0.05 0.1597222222222222
3 0.723828125 0.9277777777777778 0.05625 0.09722222222222222
3 0.638671875 0.6631944444444444 0.04765625 0.13194444444444445
3 0.633984375 0.26180555555555557 0.01875 0.05277777777777778
3 0.55625 0.2972222222222222 0.01875 0.04861111111111111
3 0.568359375 0.2777777777777778 0.0171875 0.044444444444444446
3 0.64921875 0.19236111111111112 0.01328125 0.030555555555555555
3 0.666796875 0.4486111111111111 0.02421875 0.05555555555555555