2 0.42265625 0.3888888888888889 0.0921875 0.12638888888888888
2 0.217578125 0.6659722222222222 0.20390625 0.28888888888888886
5 0.1234375 0.5652777777777778 0.06328125 0.13472222222222222
5 0.338671875 0.6527777777777778 0.0515625 0.10833333333333334
5 0.34921875 0.7777777777777778 0.0546875 0.12638888888888888
5 0.42734375 0.7152777777777778 0.05390625 0.10694444444444444
5 0.4421875 0.6166666666666667 0.04453125 0.09166666666666666
5 0.4890625 0.5111111111111111 0.0375 0.08333333333333333
5 0.4953125 0.37916666666666665 0.02734375 0.0625
5 0.522265625 0.2722222222222222 0.01953125 0.043055555555555555
5 0.5546875 0.27569444444444446 0.021875 0.04027777777777778
5 0.532421875 0.2513888888888889 0.0171875 0.034722222222222224
5 0.562890625 0.21736111111111112 0.0171875 0.03611111111111111
5 0.58515625 0.2916666666666667 0.01796875 0.04027777777777778
5 0.64609375 0.8368055555555556 0.0484375 0.09027777777777778
5 0.6765625 0.925 0.05234375 0.10555555555555556
5 0.666796875 0.7236111111111111 0.03984375 0.0875
5 0.65390625 0.5055555555555555 0.0359375 0.0625
5 0.683984375 0.45416666666666666 0.03046875 0.058333333333333334
5 0.72265625 0.47708333333333336 0.02890625 0.06527777777777778
5 0.661328125 0.29305555555555557 0.01640625 0.03333333333333333
5 0.594140625 0.2763888888888889 0.01484375 0.034722222222222224
5 0.628125 0.22152777777777777 0.01484375 0.029166666666666667
4 0.576953125 0.24513888888888888 0.04921875 0.07777777777777778
2 0.686328125 0.23958333333333334 0.03046875 0.05555555555555555
2 0.64921875 0.23958333333333334 0.03203125 0.05277777777777778
2 0.655859375 0.2673611111111111 0.03828125 0.06666666666666667
2 0.626953125 0.3347222222222222 0.053125 0.09722222222222222
2 0.60234375 0.3840277777777778 0.065625 0.125
2 0.683203125 0.34097222222222223 0.04765625 0.08611111111111111
2 0.6765625 0.41597222222222224 0.0671875 0.13055555555555556
3 0.66015625 0.3159722222222222 0.0234375 0.05
3 0.579296875 0.32430555555555557 0.02109375 0.05138888888888889
3 0.593359375 0.3111111111111111 0.01796875 0.05138888888888889
3 0.62578125 0.23680555555555555 0.01640625 0.0375
3 0.66796875 0.5104166666666666 0.03046875 0.059722222222222225
3 0.716015625 0.51875 0.03046875 0.06944444444444445
3 0.6171875 0.7118055555555556 0.0515625 0.13333333333333333
3 0.629296875 0.9243055555555556 0.05859375 0.15138888888888888
3 0.669921875 0.9708333333333333 0.06015625 0.058333333333333334
3 0.65078125 0.7770833333333333 0.04453125 0.08472222222222223
3 0.4609375 0.6215277777777778 0.04140625 0.11666666666666667
3 0.410546875 0.8069444444444445 0.05546875 0.14583333333333334
3 0.326171875 0.8847222222222222 0.05703125 0.16111111111111112
3 0.32421875 0.7284722222222222 0.0546875 0.14305555555555555
3 0.4265625 0.6701388888888888 0.0515625 0.11527777777777778
2 0.603125 0.47152777777777777 0.078125 0.17083333333333334
2 0.56796875 0.5743055555555555 0.09765625 0.19583333333333333
2 0.526953125 0.8076388888888889 0.159375 0.38333333333333336
3 0.822265625 0.4152777777777778 0.0203125 0.05
5 0.820703125 0.3875 0.015625 0.04027777777777778