2 0.46875 0.5909722222222222 0.1046875 0.1486111111111111
2 0.49453125 0.42986111111111114 0.0625 0.09305555555555556
2 0.423046875 0.47638888888888886 0.0671875 0.10277777777777777
5 0.63671875 0.8944444444444445 0.05625 0.12222222222222222
2 0.3875 0.42430555555555555 0.04453125 0.08888888888888889
2 0.505859375 0.37430555555555556 0.053125 0.06666666666666667
2 0.396875 0.36527777777777776 0.0359375 0.04861111111111111
2 0.38203125 0.3472222222222222 0.03515625 0.06944444444444445
2 0.42578125 0.33194444444444443 0.0359375 0.06111111111111111
5 0.73046875 0.8027777777777778 0.04765625 0.1111111111111111
5 0.68359375 0.5222222222222223 0.03046875 0.06944444444444445
5 0.5890625 0.40625 0.021875 0.04583333333333333
5 0.54296875 0.4618055555555556 0.02578125 0.05277777777777778
5 0.53203125 0.3972222222222222 0.02109375 0.04861111111111111
5 0.441015625 0.39444444444444443 0.0203125 0.03888888888888889
5 0.425 0.4152777777777778 0.01171875 0.025
5 0.4203125 0.3923611111111111 0.0203125 0.034722222222222224
5 0.428125 0.38055555555555554 0.01640625 0.03194444444444444
5 0.44921875 0.4722222222222222 0.02421875 0.04027777777777778
5 0.590625 0.9083333333333333 0.05078125 0.10416666666666667
5 0.538671875 0.9423611111111111 0.0546875 0.1111111111111111
5 0.486328125 0.8763888888888889 0.046875 0.09722222222222222
5 0.479296875 0.9680555555555556 0.04296875 0.06388888888888888
5 0.46171875 0.95625 0.0375 0.0875
5 0.4359375 0.8548611111111111 0.040625 0.09166666666666666
5 0.45625 0.7881944444444444 0.03984375 0.09027777777777778
5 0.387109375 0.8916666666666667 0.0453125 0.09027777777777778
5 0.33671875 0.8402777777777778 0.04375 0.09722222222222222
5 0.271484375 0.875 0.04453125 0.09444444444444444
5 0.33359375 0.9340277777777778 0.03828125 0.09444444444444444
5 0.444921875 0.7215277777777778 0.0375 0.0875
5 0.4078125 0.7409722222222223 0.0421875 0.09305555555555556
5 0.37578125 0.8048611111111111 0.04453125 0.10138888888888889
5 0.394921875 0.5652777777777778 0.028125 0.059722222222222225
5 0.371875 0.5881944444444445 0.028125 0.0625
5 0.26171875 0.6 0.02265625 0.05138888888888889
5 0.19140625 0.5333333333333333 0.0234375 0.05138888888888889
5 0.309765625 0.41805555555555557 0.015625 0.03333333333333333
5 0.301953125 0.3972222222222222 0.01328125 0.029166666666666667
5 0.31328125 0.35208333333333336 0.0125 0.022222222222222223
5 0.323828125 0.3770833333333333 0.01484375 0.030555555555555555
3 0.49921875 0.95 0.04375 0.1
3 0.44140625 0.9180555555555555 0.04453125 0.1
3 0.3890625 0.9479166666666666 0.05625 0.10416666666666667
3 0.337890625 0.9666666666666667 0.05234375 0.06666666666666667
3 0.275390625 0.94375 0.05703125 0.1125
3 0.3421875 0.8972222222222223 0.046875 0.10138888888888889
3 0.41484375 0.7930555555555555 0.03828125 0.09583333333333334
3 0.398828125 0.6090277777777777 0.03515625 0.07222222222222222
3 0.188671875 0.5659722222222222 0.02421875 0.05555555555555555
3 0.308984375 0.44305555555555554 0.021875 0.04861111111111111
3 0.325 0.39791666666666664 0.01796875 0.041666666666666664
3 0.31328125 0.36666666666666664 0.0140625 0.03611111111111111
3 0.334375 0.38263888888888886 0.01328125 0.034722222222222224
2 0.547265625 0.7805555555555556 0.134375 0.25277777777777777
2 0.622265625 0.6159722222222223 0.121875 0.2125
2 0.356640625 0.5291666666666667 0.06953125 0.14305555555555555
2 0.34296875 0.45 0.05625 0.08472222222222223
2 0.39453125 0.2972222222222222 0.025 0.041666666666666664
6 0.294140625 0.5944444444444444 0.06875 0.11666666666666667