4 0.52265625 0.5993055555555555 0.09453125 0.16666666666666666
5 0.54609375 0.9125 0.06328125 0.11527777777777778
5 0.71015625 0.45902777777777776 0.03125 0.06527777777777778
5 0.56171875 0.36527777777777776 0.01953125 0.03888888888888889
5 0.528125 0.35625 0.0171875 0.03888888888888889
5 0.50390625 0.3159722222222222 0.01171875 0.02361111111111111
5 0.486328125 0.33819444444444446 0.0125 0.027777777777777776
5 0.470703125 0.3472222222222222 0.01484375 0.03333333333333333
5 0.437890625 0.31875 0.0125 0.027777777777777776
5 0.386328125 0.34791666666666665 0.01171875 0.02361111111111111
5 0.38515625 0.37916666666666665 0.01328125 0.034722222222222224
5 0.374609375 0.39791666666666664 0.0140625 0.027777777777777776
5 0.38671875 0.40555555555555556 0.01484375 0.034722222222222224
5 0.3671875 0.4354166666666667 0.0171875 0.03333333333333333
5 0.405078125 0.5 0.02265625 0.043055555555555555
5 0.4234375 0.5361111111111111 0.0265625 0.04861111111111111
5 0.698046875 0.8708333333333333 0.05703125 0.11805555555555555
5 0.64453125 0.9006944444444445 0.04921875 0.1111111111111111
5 0.64453125 0.7701388888888889 0.03984375 0.10555555555555556
5 0.49609375 0.7680555555555556 0.040625 0.09583333333333334
5 0.514453125 0.8458333333333333 0.04765625 0.11527777777777778
5 0.453515625 0.8222222222222222 0.04921875 0.10138888888888889
5 0.481640625 0.9020833333333333 0.04140625 0.09027777777777778
5 0.57578125 0.8006944444444445 0.0484375 0.10972222222222222
2 0.413671875 0.42916666666666664 0.053125 0.10138888888888889
3 0.607421875 0.7451388888888889 0.05078125 0.12361111111111112
3 0.654296875 0.8375 0.05234375 0.1388888888888889
3 0.588671875 0.8979166666666667 0.05234375 0.14166666666666666
3 0.521875 0.9006944444444445 0.04765625 0.1125
3 0.458203125 0.8951388888888889 0.053125 0.14166666666666666
3 0.489453125 0.9534722222222223 0.04609375 0.09305555555555556
3 0.499609375 0.8125 0.0453125 0.10277777777777777
3 0.503515625 0.7361111111111112 0.03046875 0.08055555555555556
3 0.459375 0.7875 0.02890625 0.07361111111111111
3 0.42734375 0.5743055555555555 0.03359375 0.07777777777777778
3 0.409765625 0.5298611111111111 0.02890625 0.06527777777777778
3 0.371484375 0.45625 0.02109375 0.05
3 0.375390625 0.41597222222222224 0.0171875 0.043055555555555555
3 0.3875 0.42083333333333334 0.01796875 0.04583333333333333
3 0.38671875 0.3590277777777778 0.01328125 0.03194444444444444
3 0.38515625 0.3854166666666667 0.01484375 0.02361111111111111
3 0.157421875 0.6798611111111111 0.028125 0.07916666666666666
5 0.156640625 0.6409722222222223 0.02265625 0.044444444444444446