2 0.547265625 0.5611111111111111 0.09453125 0.16666666666666666
2 0.575390625 0.4423611111111111 0.0609375 0.11666666666666667
5 0.41796875 0.9361111111111111 0.0734375 0.12777777777777777
5 0.503515625 0.3284722222222222 0.01875 0.04722222222222222
3 0.64765625 0.4111111111111111 0.0234375 0.05
5 0.6390625 0.5319444444444444 0.0265625 0.06111111111111111
5 0.57265625 0.2652777777777778 0.0109375 0.030555555555555555
3 0.690234375 0.38263888888888886 0.0203125 0.04861111111111111
5 0.38203125 0.7576388888888889 0.04453125 0.09305555555555556
5 0.645703125 0.375 0.0234375 0.043055555555555555
5 0.576171875 0.7708333333333334 0.03671875 0.075
5 0.467578125 0.3798611111111111 0.0203125 0.03888888888888889
5 0.66171875 0.46458333333333335 0.02421875 0.04722222222222222
5 0.5421875 0.3145833333333333 0.01875 0.03333333333333333
5 0.673046875 0.29791666666666666 0.01640625 0.03333333333333333
3 0.66484375 0.5361111111111111 0.02890625 0.05555555555555555
5 0.440234375 0.8395833333333333 0.05 0.1125
5 0.509375 0.9430555555555555 0.0609375 0.11388888888888889
5 0.5546875 0.8569444444444444 0.05078125 0.09166666666666666
5 0.601953125 0.8173611111111111 0.04453125 0.09861111111111111
5 0.58046875 0.9381944444444444 0.053125 0.10555555555555556
5 0.63828125 0.9402777777777778 0.0453125 0.075
5 0.65859375 0.8423611111111111 0.04765625 0.1
5 0.71796875 0.8645833333333334 0.04140625 0.09027777777777778
5 0.698828125 0.76875 0.04140625 0.09305555555555556
5 0.659375 0.7534722222222222 0.04296875 0.09027777777777778
5 0.578125 0.69375 0.03828125 0.08611111111111111
5 0.615234375 0.6972222222222222 0.040625 0.08888888888888889
5 0.61328125 0.5083333333333333 0.03359375 0.05694444444444444
5 0.725390625 0.42569444444444443 0.02734375 0.05555555555555555
5 0.546875 0.3736111111111111 0.0203125 0.03611111111111111
5 0.56953125 0.3416666666666667 0.02109375 0.03888888888888889
5 0.649609375 0.3472222222222222 0.015625 0.03194444444444444
5 0.687890625 0.34930555555555554 0.01796875 0.0375
2 0.346875 0.6402777777777777 0.1390625 0.19444444444444445
2 0.505859375 0.7354166666666667 0.13125 0.25972222222222224
2 0.596875 0.38472222222222224 0.053125 0.10277777777777777
5 0.532421875 0.3076388888888889 0.015625 0.03194444444444444
2 0.60859375 0.25972222222222224 0.02890625 0.059722222222222225
2 0.594140625 0.30069444444444443 0.03984375 0.07083333333333333
2 0.63984375 0.28541666666666665 0.03125 0.06527777777777778
3 0.571484375 0.3729166666666667 0.01953125 0.04722222222222222
3 0.5484375 0.3958333333333333 0.02265625 0.05
3 0.67421875 0.31180555555555556 0.015625 0.03611111111111111
3 0.677734375 0.34375 0.01484375 0.034722222222222224
3 0.612890625 0.5465277777777777 0.0296875 0.08055555555555556
3 0.730859375 0.4618055555555556 0.03125 0.06111111111111111
3 0.617578125 0.7569444444444444 0.0421875 0.10277777777777777
3 0.660546875 0.7958333333333333 0.04453125 0.09166666666666666
3 0.571484375 0.8055555555555556 0.0421875 0.08333333333333333
3 0.551953125 0.9409722222222222 0.046875 0.1111111111111111
3 0.606640625 0.8916666666666667 0.0484375 0.11527777777777778
3 0.660546875 0.9069444444444444 0.05625 0.13194444444444445
3 0.712109375 0.9159722222222222 0.046875 0.09027777777777778
3 0.70078125 0.83125 0.04453125 0.09583333333333334
3 0.444921875 0.9076388888888889 0.04609375 0.10277777777777777
6 0.7140625 0.5131944444444444 0.0609375 0.11944444444444445